1950	1	1	-4.495	70.435	11.679	62.397	245.346	675.367	0.49	0.019	-10	-10	-120	-120
1950	1	2	-10.088	70.277	9.042	65.73	221.631	669.318	1.899	0.019	-10	-10	-120	-120
1950	1	3	-19.15	52.262	4.517	82.8	179.64	658.912	6.177	0.019	-10	-10	-120	-120
1950	1	4	-22.28	64.867	10.373	75.244	175.461	655.487	1.633	0.019	-10	-10	-120	-120
1950	1	5	-21.187	75.151	8.809	68.898	183.418	656.781	2.213	0.019	-10	-10	-120	-120
1950	1	6	-15.868	71.472	14.237	100.574	178.465	662.891	0.3	0.019	-10	-10	-120	-120
1950	1	7	-9.62	64.754	10.781	110.061	191.99	669.768	0	0.019	-10	-10	-120	-120
1950	1	8	-6.992	66.648	13.354	72.404	229.813	672.696	2.949	0.019	-10	-10	-120	-120
1950	1	9	-10.178	67.041	13.862	73.661	217.519	669.247	11.814	0.019	-10	-10	-120	-120
1950	1	10	-12.62	67.286	12.774	106.989	185.989	666.534	1.671	0.019	-10	-10	-120	-120
1950	1	11	-11.2	67.042	13.145	78.206	211.608	668.115	2.395	0.019	-10	-10	-120	-120
1950	1	12	-11.616	65.072	7.195	79.612	209.489	667.655	9.564	0.019	-10	-10	-120	-120
1950	1	13	-14.805	74.451	12.981	67.771	207.481	664.128	7.626	0.019	-10	-10	-120	-120
1950	1	14	-14.032	70.891	18.548	65.64	211.746	664.997	9.144	0.019	-10	-10	-120	-120
1950	1	15	-16.708	68.734	16.399	85.022	190.811	661.927	9.245	0.019	-10	-10	-120	-120
1950	1	16	-12.547	74.399	14.283	84.657	205.993	666.592	2.649	0.019	-10	-10	-120	-120
1950	1	17	-5.832	77.684	14.933	65.968	243.998	673.947	13.592	0.019	-10	-10	-120	-120
1950	1	18	-3.405	81.994	14.778	47.134	267.608	676.528	32.274	0.019	-10	-10	-120	-120
1950	1	19	-1.623	78.888	10.868	58.634	267.501	678.381	9.483	0.019	-10	-10	-120	-120
1950	1	20	-0.745	72.998	12.785	99.501	242.664	679.277	0.735	0.019	-10	-10	-120	-120
1950	1	21	-1.317	71.771	13.658	109.249	234.325	678.675	0	0.019	-10	-10	-120	-120
1950	1	22	-1.529	75.681	14.029	87.364	249.551	678.478	0.105	0.019	-10	-10	-120	-120
1950	1	23	-3.349	75.744	12.87	53.955	264.616	676.582	6.919	0.019	-10	-10	-120	-120
1950	1	24	-8.169	63.986	7.138	93.299	219.624	671.406	19.108	0.019	-10	-10	-120	-120
1950	1	25	-16.613	68.87	6.893	82.643	197.888	662.078	6.903	0.019	-10	-10	-120	-120
1950	1	26	-17.758	71.82	13.93	128.559	169.407	660.714	0.616	0.019	-10	-10	-120	-120
1950	1	27	-11.244	71.299	13.373	93.112	211.6	668.054	3.098	0.019	-10	-10	-120	-120
1950	1	28	-10.078	70.927	16.828	70.757	229.366	669.371	13.708	0.019	-10	-10	-120	-120
1950	1	29	-16.378	67.188	6.896	97.91	192.531	662.32	5.351	0.019	-10	-10	-120	-120
1950	1	30	-18.322	69.711	2.597	88.13	192.28	660.121	1.675	0.019	-10	-10	-120	-120
1950	1	31	-18.336	67.731	8.57	100.736	186.3	660.07	0.598	0.019	-10	-10	-120	-120
1950	2	1	-18.149	69.972	10.242	85.31	195.457	660.325	1.566	0.019	-10	-10	-120	-120
1950	2	2	-17.876	67.324	11.004	145.68	166.129	660.547	0.215	0.019	-10	-10	-120	-120
1950	2	3	-10.991	65.111	11.537	147.841	187.019	668.265	0	0.019	-10	-10	-120	-120
1950	2	4	-5.153	69.185	12.966	145.348	210.505	674.601	0	0.019	-10	-10	-120	-120
1950	2	5	-2.067	76.832	12.519	87.414	256.707	677.925	0	0.019	-10	-10	-120	-120
1950	2	6	-3.016	75.591	10.315	74.36	260.463	676.933	6.142	0.019	-10	-10	-120	-120
1950	2	7	-5.983	67.955	7.6	98.551	235.067	673.78	15.044	0.019	-10	-10	-120	-120
1950	2	8	-12.261	64.793	7.34	116.521	203.557	666.918	2.243	0.019	-10	-10	-120	-120
1950	2	9	-11.177	69.094	13.229	157.374	188.023	668.098	0.031	0.019	-10	-10	-120	-120
1950	2	10	-6.766	68.91	9.286	107.05	229.963	672.938	1.024	0.019	-10	-10	-120	-120
1950	2	11	-7.513	68.922	5.399	109.167	226.768	672.139	5.449	0.019	-10	-10	-120	-120
1950	2	12	-10.145	68.099	9.111	97.889	223.155	669.292	2.359	0.019	-10	-10	-120	-120
1950	2	13	-13.61	69.24	7.649	127.025	198.618	665.364	2.206	0.019	-10	-10	-120	-120
1950	2	14	-8.552	70.485	11.163	111.238	224.2	671.018	3.45	0.019	-10	-10	-120	-120
1950	2	15	-6.889	70.094	10.356	161.18	207.123	672.791	0.566	0.019	-10	-10	-120	-120
1950	2	16	-3.384	65.531	10.667	167.749	217.468	676.491	0.016	0.019	-10	-10	-120	-120
1950	2	17	-4.766	67.585	11.134	142.534	225.384	675.077	0	0.019	-10	-10	-120	-120
1950	2	18	-7.437	68.319	7.278	172.459	202.801	672.189	0	0.019	-10	-10	-120	-120
1950	2	19	-3.627	65.361	11.067	177.12	215.453	676.221	0	0.019	-10	-10	-120	-120
1950	2	20	-1.918	59.623	11.168	134.753	242.241	678.005	0.98	0.019	-10	-10	-120	-120
1950	2	21	-8.665	63.545	10.758	131.41	219.142	670.88	4.445	0.019	-10	-10	-120	-120
1950	2	22	-10.528	73.138	13.16	130.12	214.684	668.843	5.051	0.019	-10	-10	-120	-120
1950	2	23	-7.524	81.956	14.977	75.593	250.03	672.154	17.486	0.019	-10	-10	-120	-120
1950	2	24	-4.158	77.488	15.769	113.67	247.799	675.714	7.133	0.019	-10	-10	-120	-120
1950	2	25	-1.553	72.762	12.477	142.695	245.898	678.448	0.675	0.019	-10	-10	-120	-120
1950	2	26	-1.6	67.796	9.513	184.547	227.807	678.364	0	0.019	-10	-10	-120	-120
1950	2	27	-1.719	65.3	11.07	179.417	229.921	678.253	0	0.019	-10	-10	-120	-120
1950	2	28	-6.378	65.76	4.488	169.825	216.898	673.358	0	0.019	-10	-10	-120	-120
1950	3	1	-10.192	64.077	3.067	204.428	190.649	669.18	0	0.019	-10	-10	-120	-120
1950	3	2	-6.468	61.858	7.792	210.318	202.253	673.161	0	0.019	-10	-10	-120	-120
1950	3	3	-4.635	72.703	11.654	176.307	224.791	675.207	0	0.019	-10	-10	-120	-120
1950	3	4	-1.507	70.999	11.201	179.701	236.451	678.48	0	0.019	-10	-10	-120	-120
1950	3	5	-0.482	62.483	9.747	155.833	249.895	679.503	2.616	0.019	-10	-10	-120	-120
1950	3	6	-4.798	57.971	14.7	162.618	230.138	674.984	11.101	0.019	-10	-10	-120	-120
1950	3	7	-13.677	73.152	13.951	114.366	216.944	665.404	11.98	0.019	-10	-10	-120	-120
1950	3	8	-11.896	73.64	9.376	215.855	188.675	667.307	1.492	0.019	-10	-10	-120	-120
1950	3	9	-6.667	72.857	9.108	126.559	239.783	673.059	3.229	0.019	-10	-10	-120	-120
1950	3	10	-7.897	67.738	4.878	130.809	233.59	671.732	16.929	0.019	-10	-10	-120	-120
1950	3	11	-14.174	63.207	6.653	166.817	199.214	664.801	19.266	0.019	-10	-10	-120	-120
1950	3	12	-18.184	70.373	5.216	144.946	194.09	660.281	4.91	0.019	-10	-10	-120	-120
1950	3	13	-15.063	70.172	12.831	236.841	175.796	663.743	0.426	0.019	-10	-10	-120	-120
1950	3	14	-8.606	68.774	9.75	216.625	204.062	670.944	0.01	0.019	-10	-10	-120	-120
1950	3	15	-8.085	74.193	11.929	166.19	223.995	671.544	0	0.019	-10	-10	-120	-120
1950	3	16	-5.694	74.048	13.233	229.451	213.061	674.052	0	0.019	-10	-10	-120	-120
1950	3	17	-0.933	66.569	13.127	160.089	255.181	679.069	0.507	0.019	-10	-10	-120	-120
1950	3	18	-4.733	64.928	10.103	180.803	233.26	675.076	2.689	0.019	-10	-10	-120	-120
1950	3	19	-4.909	63.385	9.88	182.097	232.613	674.888	3.41	0.019	-10	-10	-120	-120
1950	3	20	-6.766	64.891	12.461	173.564	228.947	672.933	7.486	0.019	-10	-10	-120	-120
1950	3	21	-8.734	68.177	10.285	178.096	221.094	670.809	5.838	0.019	-10	-10	-120	-120
1950	3	22	-6.497	62.868	10.567	190.511	225.673	673.191	2.134	0.019	-10	-10	-120	-120
1950	3	23	-7.337	70.882	15.409	179.269	227.423	672.318	3.523	0.019	-10	-10	-120	-120
1950	3	24	-3.72	67.886	8.936	183.091	240.587	676.156	0.762	0.019	-10	-10	-120	-120
1950	3	25	-2.773	63.505	9.575	191.506	241.682	677.137	1.503	0.019	-10	-10	-120	-120
1950	3	26	-5.882	63.19	15.15	187.658	231.193	673.871	3.543	0.019	-10	-10	-120	-120
1950	3	27	-10.097	71.875	15.841	150.729	227.424	669.355	4.519	0.019	-10	-10	-120	-120
1950	3	28	-10.895	70.991	14.81	161.741	221.69	668.475	4.025	0.019	-10	-10	-120	-120
1950	3	29	-10.167	69.917	11.951	254.901	198.137	669.247	0.493	0.019	-10	-10	-120	-120
1950	3	30	-3.908	66.18	9.956	283.445	213.5	675.882	0.087	0.019	-10	-10	-120	-120
1950	3	31	-0.241	71.593	11.225	165.566	264.582	679.797	0.345	0.019	-10	-10	-120	-120
1950	4	1	0.284	70.792	11.942	184.328	261.69	680.326	3.565	0.019	-10	-10	-120	-120
1950	4	2	-1.643	70.168	14.98	132.812	268.748	678.353	19.639	0.019	-10	-10	-120	-120
1950	4	3	-7.832	62.987	7.455	199.266	224.496	671.782	24.933	0.019	-10	-10	-120	-120
1950	4	4	-12.803	64.793	3.833	219.09	202.352	666.312	5.691	0.019	-10	-10	-120	-120
1950	4	5	-7.004	67.286	6.908	304.359	201.126	672.543	0.36	0.019	-10	-10	-120	-120
1950	4	6	1.133	65.424	9.47	284.943	237.694	681.162	0	0.019	-10	-10	-120	-120
1950	4	7	2.948	65.41	8.84	218.382	265.878	682.997	1.076	0.019	-10	-10	-120	-120
1950	4	8	2.117	66.449	10.329	196.135	268.858	682.192	9.262	0.019	-10	-10	-120	-120
1950	4	9	-1.694	64.63	6.288	202.197	250.832	678.28	22.975	0.019	-10	-10	-120	-120
1950	4	10	-6.169	70.036	10.346	197.473	235.178	673.581	13.43	0.019	-10	-10	-120	-120
1950	4	11	-4.533	66.477	2.251	287.574	217.32	675.298	1.476	0.019	-10	-10	-120	-120
1950	4	12	-1.166	59.392	2.538	316.084	222.145	678.748	0	0.019	-10	-10	-120	-120
1950	4	13	1.322	59.785	5.07	319.709	232.432	681.279	0	0.019	-10	-10	-120	-120
1950	4	14	2.974	61.415	7.819	230.394	265.118	683.019	3.57	0.019	-10	-10	-120	-120
1950	4	15	-0.43	67.665	10.348	204.757	258.494	679.593	14.248	0.019	-10	-10	-120	-120
1950	4	16	-0.413	67.48	5.196	226.541	253.356	679.583	2.382	0.019	-10	-10	-120	-120
1950	4	17	1.37	60.549	11.208	232.988	258.306	681.396	0.655	0.019	-10	-10	-120	-120
1950	4	18	-3.097	58.063	7.229	240.984	237.798	676.774	2.483	0.019	-10	-10	-120	-120
1950	4	19	-6.196	63.062	5.7	246.528	225.814	673.483	0.456	0.019	-10	-10	-120	-120
1950	4	20	0.614	63.081	8.327	335.488	230.924	680.537	0.016	0.019	-10	-10	-120	-120
1950	4	21	5.754	62.74	10.743	306.745	260.38	685.815	0	0.042	-10	-10	-120	-120
1950	4	22	6.263	59.826	11.735	329.227	256.575	686.275	0.052	0.16	-10	-10	-120	-120
1950	4	23	3.608	59.649	11.047	231.609	270.735	683.667	0.637	0.147	-10	-10	-120	-120
1950	4	24	-3.349	56.551	12.972	253.789	235.78	676.492	1.901	0.019	-10	-10	-120	-120
1950	4	25	-5.542	65.865	7.934	255.075	229.153	674.164	0.924	0.019	-10	-10	-120	-120
1950	4	26	-1.815	66.518	9.01	194.112	258.774	678.167	1.548	0.019	-10	-10	-120	-120
1950	4	27	-2.867	65.425	5.733	239.215	243.704	677.037	30.771	0.055	-10	-10	-120	-120
1950	4	28	-3.811	66.295	6.976	177.961	254.88	676.084	109.279	0.195	-10	-10	-120	-120
1950	4	29	-9.47	71.356	5.408	205.512	226.828	670.03	52.604	0.019	-10	-10	-120	-120
1950	4	30	-7.263	67.959	1.09	248.468	225.501	672.37	5.593	0.019	-10	-10	-120	-120
1950	5	1	-2.125	62.511	6.066	261.547	242.415	677.764	3.733	0.019	-10	-10	-120	-120
1950	5	2	-1.85	70.591	9.481	216.315	255.415	678.124	9.007	0.019	-10	-10	-120	-120
1950	5	3	0.532	60.865	8.835	255.386	254.933	680.533	6.89	0.019	-10	-10	-120	-120
1950	5	4	-3.213	61.765	7.689	246.688	241.973	676.68	21.4	0.019	-10	-10	-120	-120
1950	5	5	-6.302	70.331	11.945	231.83	234.468	673.429	11.752	0.019	-10	-10	-120	-120
1950	5	6	-4.089	72.508	4.991	221.011	246.225	675.78	2.668	0.019	-10	-10	-120	-120
1950	5	7	-2.68	70.799	10.553	194.919	257.955	677.272	3.946	0.019	-10	-10	-120	-120
1950	5	8	-3.132	68.362	3.542	239.689	245.826	676.776	1.638	0.019	-10	-10	-120	-120
1950	5	9	-3.757	70.794	4.398	196.049	253.592	676.145	3.027	0.019	-10	-10	-120	-120
1950	5	10	-3.121	65.354	2.625	346.582	221.143	676.765	0.41	0.019	-10	-10	-120	-120
1950	5	11	-0.448	60.911	2.717	365.61	227.019	679.505	0	0.019	-10	-10	-120	-120
1950	5	12	1.174	61.55	4.616	364.754	234.368	681.172	0	0.019	-10	-10	-120	-120
1950	5	13	2.697	63.386	2.508	274.945	263.343	682.715	0.21	0.019	-10	-10	-120	-120
1950	5	14	3.772	66.29	2.676	261.983	271.831	683.832	2.007	0.315	-10	-10	-120	-120
1950	5	15	3.925	67.542	7.233	252.788	275.025	683.999	4.666	0.357	-10	-10	-120	-120
1950	5	16	4.36	64.52	5.241	350.191	253.493	684.421	0.626	0.57	-10	-10	-120	-120
1950	5	17	5.675	61.405	5.315	281.482	275.993	685.671	0.149	0.507	-10	-10	-120	-120
1950	5	18	4.85	59.323	11.806	271.675	273.569	684.885	0.642	0.588	-10	-10	-120	-120
1950	5	19	-0.315	61.408	8.677	282.236	249.413	679.643	0.203	0.019	-10	-10	-120	-120
1950	5	20	1.005	61.129	8.765	283.677	254.895	680.988	0.445	0.034	-10	-10	-120	-120
1950	5	21	3.674	60.426	4.57	383.193	243.541	683.662	0.061	0.659	-10	-10	-120	-120
1950	5	22	6.405	62.325	9.036	376.534	258.221	686.41	0	1.151	-10	-10	-120	-120
1950	5	23	7.779	61.644	10.43	280.34	287.329	687.768	3.027	1.622	-10	-10	-120	-120
1950	5	24	4.244	61.852	3.892	258.952	275.371	684.31	20.794	3.12	-10	-10	-120	-120
1950	5	25	-2.962	64.868	11.896	241.1	248.774	676.96	28.695	0.021	-10	-10	-120	-120
1950	5	26	-5.168	67.935	2.592	355.232	215.896	674.619	3.684	0.022	-10	-10	-120	-120
1950	5	27	-0.84	65.849	3.155	283.571	249.175	679.11	0.866	0.023	-10	-10	-120	-120
1950	5	28	1.688	64.4	6.687	269.986	262.582	681.727	3.764	0.024	-10	-10	-120	-120
1950	5	29	3.074	65.623	9.068	289.617	265.564	683.076	1.57	0.07	-10	-10	-120	-120
1950	5	30	5.843	61.99	10.539	353.511	261.692	685.896	0.15	1.547	-10	-10	-120	-120
1950	5	31	3.341	60.657	2.909	386.219	243.142	683.354	0	1.794	-10	-10	-120	-120
1950	6	1	4.728	57.302	4.985	294.652	270.043	684.705	0.543	1.042	-10	-10	-120	-120
1950	6	2	2.827	60.428	9.26	286.746	263.961	682.85	3.892	0.457	-10	-10	-120	-120
1950	6	3	-0.454	70.826	8.526	231.306	263.276	679.57	8.613	0.029	-10	-10	-120	-120
1950	6	4	3.354	66.113	4.153	291.007	267.321	683.36	1.695	0.178	-10	-10	-120	-120
1950	6	5	8.804	64.871	7.94	378.637	273.11	688.772	0.078	2.321	-10	-10	-120	-120
1950	6	6	10.956	60.949	10.674	368.868	283.942	690.867	0	3.274	-10	-10	-120	-120
1950	6	7	7.69	57.583	7.556	379.11	264.123	687.68	0	2.64	-10	-10	-120	-120
1950	6	8	1.3	65.21	15.752	352.934	243.839	681.341	0	0.298	-10	-10	-120	-120
1950	6	9	3.074	61.289	7.285	378.946	244.893	683.103	0	0.981	-10	-10	-120	-120
1950	6	10	6.434	58.443	6.996	399.97	255.354	686.36	0	1.737	-10	-10	-120	-120
1950	6	11	10.083	57.309	8.226	392.451	273.677	689.959	0	3.177	-10	-10	-120	-120
1950	6	12	9.045	57.641	10.524	387.244	269.514	688.981	0	3.064	-10	-10	-120	-120
1950	6	13	8.803	56.817	2.343	398.527	266.193	688.686	0	4.067	-10	-10	-120	-120
1950	6	14	9.565	56.955	8.016	391.055	271.197	689.467	0	3.489	-10	-10	-120	-120
1950	6	15	10.169	58.435	2.218	397.927	274.522	690.005	0	5.871	-10	-10	-120	-120
1950	6	16	10.213	61.016	8.477	353.973	284.189	690.165	0	6.834	-10	-10	-120	-120
1950	6	17	9.523	55.942	4.442	398.339	269.43	689.381	0	8.719	-10	-10	-120	-120
1950	6	18	8.366	59.702	5.234	381.887	268.764	688.339	0.035	8.19	-10	-10	-120	-120
1950	6	19	6.846	61.13	2.646	283.962	284.263	686.856	0.425	9.303	-10	-10	-120	-120
1950	6	20	6.282	61.481	2.109	291.065	280.387	686.28	0.97	11.916	-10	-10	-120	-120
1950	6	21	9.207	61.407	6.283	390.125	272.568	689.128	0.13	19.4	-10	-10	-120	-120
1950	6	22	10.495	63.568	11.33	349.179	288.048	690.446	0	25.42	-10	-10	-120	-120
1950	6	23	10.224	65.582	11.803	281.728	303.311	690.152	0.123	24.17	-10	-10	-120	-120
1950	6	24	11.655	61.531	11.093	270.812	311.165	691.541	1.697	27.75	-10	-10	-120	-120
1950	6	25	7.672	60.352	12.719	284.614	287.767	687.661	2.401	18.21	-10	-10	-120	-120
1950	6	26	8.256	57.924	3.938	397.558	264.548	688.16	0.309	21.46	-10	-10	-120	-120
1950	6	27	9.939	58.23	3.57	382.507	275.641	689.855	0	26.53	-10	-10	-120	-120
1950	6	28	9.065	60.895	6.027	381.796	272.834	689.013	0	22.7	-10	-10	-120	-120
1950	6	29	9.642	61.644	3.938	367.074	278.836	689.598	0	26.09	-10	-10	-120	-120
1950	6	30	10.206	61.936	3.099	289.015	300.308	690.1	1.225	24.01	-10	-10	-120	-120
1950	7	1	12.306	60.92	4.668	285.363	311.584	692.125	3.307	13.502	-10	-10	-120	-120
1950	7	2	10.869	62.761	2.61	265.731	308.401	690.796	0.99	5.139	-10	-10	-120	-120
1950	7	3	9.626	61.555	5.317	284.001	297.892	689.558	2.23	5.111	-10	-10	-120	-120
1950	7	4	9.672	61.876	2.558	278.048	299.341	689.618	4.508	5.38	-10	-10	-120	-120
1950	7	5	9.241	62.814	4.044	278.264	297.377	689.199	3.636	5.232	-10	-10	-120	-120
1950	7	6	10.747	62.252	0.835	283.779	303.964	690.633	0.53	5.064	-10	-10	-120	-120
1950	7	7	11.495	66.923	3.977	259.161	314.512	691.406	0.495	5	-10	-10	-120	-120
1950	7	8	11.081	69.525	3.803	213.747	322.384	691.042	2.842	5.043	-10	-10	-120	-120
1950	7	9	11.403	65.3	2.799	266.2	311.657	691.305	2.908	5.106	-10	-10	-120	-120
1950	7	10	13.378	62.108	5.376	273.873	319.496	693.168	0.971	5.02	-10	-10	-120	-120
1950	7	11	11.286	61.975	8.228	247.181	313.598	691.21	1.531	4.879	-10	-10	-120	-120
1950	7	12	7.733	60.601	5.964	367.447	267.677	687.732	0.206	4.582	-10	-10	-120	-120
1950	7	13	9.497	59.05	3.803	377.468	273.537	689.422	0	4.064	-10	-10	-120	-120
1950	7	14	10.964	60.436	8.81	368.106	283.577	690.859	0	3.512	-10	-10	-120	-120
1950	7	15	11.548	59.836	6.096	352.764	289.08	691.442	0	3.008	-10	-10	-120	-120
1950	7	16	9.757	60.089	4.747	275.777	298.34	689.694	0.403	2.575	-10	-10	-120	-120
1950	7	17	8.604	62.643	5.566	275.437	293.551	688.578	2.131	2.285	-10	-10	-120	-120
1950	7	18	8.705	64.383	3.237	253.509	299.004	688.714	2.213	2.043	-10	-10	-120	-120
1950	7	19	10.102	60.23	4.23	366.293	278.343	690.026	0.291	1.793	-10	-10	-120	-120
1950	7	20	10.971	58.935	3.487	359.277	283.22	690.873	0.002	1.497	-10	-10	-120	-120
1950	7	21	10.069	59.668	6.489	278.26	298.589	689.975	0.166	1.248	-10	-10	-120	-120
1950	7	22	9.834	59.746	3.806	275.259	297.852	689.757	1.59	1.057	-10	-10	-120	-120
1950	7	23	9.07	60.064	6.406	274.096	294.179	689.018	3.706	1.014	-10	-10	-120	-120
1950	7	24	8.673	60.53	4.124	274.505	292.161	688.628	1.11	0.876	-10	-10	-120	-120
1950	7	25	9.353	60.248	3.538	274.777	295.262	689.282	1.435	0.708	-10	-10	-120	-120
1950	7	26	10.06	59.231	2.294	273.779	298.428	689.965	0.429	0.602	-10	-10	-120	-120
1950	7	27	10.077	60.003	3.269	272.173	299.157	689.987	0.533	0.476	-10	-10	-120	-120
1950	7	28	11.477	55.996	4.943	263.956	306.489	691.355	0.404	0.374	-10	-10	-120	-120
1950	7	29	9.213	53.948	7.097	257.559	295.616	689.184	0.642	0.297	-10	-10	-120	-120
1950	7	30	6.169	52.594	4.773	267.171	278.476	686.183	0.129	0.25	-10	-10	-120	-120
1950	7	31	6.461	48.428	4.686	359.621	254.86	686.456	0.006	0.185	-10	-10	-120	-120
1950	8	1	8.204	48.168	5.767	364.432	261.828	688.134	0	0.135	-10	-10	-120	-120
1950	8	2	11.024	49.783	0.747	351.03	278.502	690.902	0	0.096	-10	-10	-120	-120
1950	8	3	11.771	49.773	5.012	331.697	286.356	691.659	0	0.07	-10	-10	-120	-120
1950	8	4	11.274	50.943	6.88	258.884	303.505	691.155	0.114	0.058	-10	-10	-120	-120
1950	8	5	11.28	51.573	5.92	256.073	304.338	691.166	0.506	0.052	-10	-10	-120	-120
1950	8	6	11.863	47.659	5.896	318.04	288.017	691.759	0.07	0.049	-10	-10	-120	-120
1950	8	7	11.295	46.832	3.176	346.784	278.009	691.151	0	0.049	-10	-10	-120	-120
1950	8	8	11.969	50.933	3.853	244.83	309.322	691.845	0.49	0.048	-10	-10	-120	-120
1950	8	9	11.542	49.687	3.962	254.12	304.124	691.405	2.118	0.048	-10	-10	-120	-120
1950	8	10	11.09	51.869	3.874	251.454	303.27	690.977	0.966	0.049	-10	-10	-120	-120
1950	8	11	10.521	54.715	3.49	221.277	308.21	690.486	0.175	0.047	-10	-10	-120	-120
1950	8	12	8.927	50.354	4.03	239.87	293.844	688.914	0.221	0.047	-10	-10	-120	-120
1950	8	13	7.99	44.742	3.487	337.701	260.945	687.957	0.03	0.047	-10	-10	-120	-120
1950	8	14	8.973	45.627	5.028	331.25	267.078	688.928	0	0.046	-10	-10	-120	-120
1950	8	15	11.147	49.011	2.842	253.439	300.741	690.982	0.971	0.048	-10	-10	-120	-120
1950	8	16	11.833	48.652	4.285	233.79	307.81	691.713	3.901	0.102	-10	-10	-120	-120
1950	8	17	10.219	42.889	3.736	336.857	268.561	690.078	0.538	0.064	-10	-10	-120	-120
1950	8	18	11.281	42.729	3.944	333.312	273.995	691.102	0	0.045	-10	-10	-120	-120
1950	8	19	8.78	48.748	6.805	239.68	290.482	688.747	0.096	0.045	-10	-10	-120	-120
1950	8	20	8.106	48.299	2.326	245.63	285.383	688.055	0.565	0.05	-10	-10	-120	-120
1950	8	21	8.601	48.127	0.096	242.127	288.184	688.547	0.7	0.055	-10	-10	-120	-120
1950	8	22	9.819	42.995	4.558	319.393	268.519	689.731	0.089	0.043	-10	-10	-120	-120
1950	8	23	11.025	39.881	8.808	324.397	271.54	690.847	0	0.043	-10	-10	-120	-120
1950	8	24	12.35	41.775	4.549	231.856	306.069	692.179	0.079	0.042	-10	-10	-120	-120
1950	8	25	10.917	44.795	6.438	214.777	304.162	690.85	0.983	0.042	-10	-10	-120	-120
1950	8	26	7.976	45.371	4.287	207.176	291.957	688.006	3.166	0.059	-10	-10	-120	-120
1950	8	27	8.07	40.67	0.139	233.327	283.507	688.025	1.535	0.084	-10	-10	-120	-120
1950	8	28	7.188	40.561	3.5	220.46	282.392	687.206	1.61	0.069	-10	-10	-120	-120
1950	8	29	7.461	35.606	2.279	310.131	254.065	687.413	0.207	0.041	-10	-10	-120	-120
1950	8	30	10.656	34.513	2.544	307.816	267.618	690.502	0	0.04	-10	-10	-120	-120
1950	8	31	12.434	34.09	2.8	302.517	276	692.217	0	0.04	-10	-10	-120	-120
1950	9	1	12.781	32.225	4.672	301.702	276.052	692.534	0	0.039	-10	-10	-120	-120
1950	9	2	12.547	30.262	3.849	300.254	273.876	692.305	0	0.038	-10	-10	-120	-120
1950	9	3	11.567	30.336	6.782	296.183	269.891	691.389	0	0.038	-10	-10	-120	-120
1950	9	4	11.726	29.256	9.604	299.565	268.651	691.48	0	0.037	-10	-10	-120	-120
1950	9	5	11.66	31.895	8.553	294.483	270.931	691.451	0	0.037	-10	-10	-120	-120
1950	9	6	11.811	37.283	4.507	214.653	300.383	691.635	0.044	0.036	-10	-10	-120	-120
1950	9	7	11.002	37.224	4.423	212.451	296.424	690.864	0.199	0.036	-10	-10	-120	-120
1950	9	8	9.606	40.801	7.692	211.705	291.407	689.515	1.541	0.046	-10	-10	-120	-120
1950	9	9	8.365	49.602	4.558	163.628	301.99	688.406	10.62	0.413	-10	-10	-120	-120
1950	9	10	3.638	55.94	4.708	146.235	286.238	683.736	22.005	1.214	-10	-10	-120	-120
1950	9	11	0.546	60.738	7.336	147.481	272.347	680.6	25.454	1.031	-10	-10	-120	-120
1950	9	12	0.212	61.978	3.566	159.271	267.019	680.249	12.431	0.406	-10	-10	-120	-120
1950	9	13	2.222	58.661	3.64	182.457	267.659	682.269	4.011	0.408	-10	-10	-120	-120
1950	9	14	3.605	57.616	6.037	182.047	273.181	683.664	9.914	1.159	-10	-10	-120	-120
1950	9	15	2.081	63.927	2.189	154.051	275.771	682.158	10.015	1.025	-10	-10	-120	-120
1950	9	16	3.307	60.999	5.783	171.247	274.795	683.375	4.561	0.797	-10	-10	-120	-120
1950	9	17	5.822	57.617	8.52	193.072	278.177	685.826	0.527	1.128	-10	-10	-120	-120
1950	9	18	7.234	58.014	5.879	181.297	287.978	687.259	0.935	0.06	-10	-10	-120	-120
1950	9	19	6.172	58.848	5.556	176.502	284.09	686.221	4.367	0.281	-10	-10	-120	-120
1950	9	20	3.269	65.851	6.612	144.543	282.11	683.362	7.474	0.647	-10	-10	-120	-120
1950	9	21	1.913	67.115	4.28	128.349	280.937	681.999	6.389	0.581	-10	-10	-120	-120
1950	9	22	2.835	58.292	2.552	184.73	263.99	682.844	1.122	0.165	-10	-10	-120	-120
1950	9	23	2.323	58.994	2.56	172.837	265.357	682.368	2.019	0.11	-10	-10	-120	-120
1950	9	24	2.133	58.738	4.03	174.282	263.323	682.165	2.434	0.156	-10	-10	-120	-120
1950	9	25	3.463	56.632	5.449	236.045	245.579	683.486	0.308	0.088	-10	-10	-120	-120
1950	9	26	5.46	58.28	10.828	227.055	257.394	685.499	0	0.042	-10	-10	-120	-120
1950	9	27	4.351	61.303	10.015	179.726	269.027	684.444	0	0.042	-10	-10	-120	-120
1950	9	28	2.242	59.589	6.154	177.881	260.251	682.214	0.131	0.047	-10	-10	-120	-120
1950	9	29	6.292	56.731	8.231	172.867	278.919	686.285	0.798	0.068	-10	-10	-120	-120
1950	9	30	5.453	57.299	5.039	164.495	277.33	685.495	3.891	0.206	-10	-10	-120	-120
1950	10	1	0.696	61.984	8.624	142.554	264.475	680.743	23.124	1.194	-10	-10	-120	-120
1950	10	2	-1.058	62.335	5.446	161.927	249.351	678.896	8.844	0.151	-10	-10	-120	-120
1950	10	3	1.921	56.72	2.402	217.974	237.714	681.932	0.803	0.092	-10	-10	-120	-120
1950	10	4	3.899	56.286	7.279	224.818	242.98	683.846	0	0.682	-10	-10	-120	-120
1950	10	5	5.803	57.087	9.766	158.742	277.339	685.831	0.569	1.021	-10	-10	-120	-120
1950	10	6	2.686	56.488	13.048	161.025	261.563	682.693	2.277	0.151	-10	-10	-120	-120
1950	10	7	-0.09	61.698	12.968	195.036	235.836	679.92	0.314	0.076	-10	-10	-120	-120
1950	10	8	4.53	56.15	6.631	213.344	245.706	684.488	0	0.046	-10	-10	-120	-120
1950	10	9	6.118	55.192	8.396	204.497	254.847	686.13	0	0.046	-10	-10	-120	-120
1950	10	10	5.508	59.172	6.521	204.259	253.057	685.504	0	0.046	-10	-10	-120	-120
1950	10	11	8.336	59.178	7.43	190.908	270.267	688.336	0	0.046	-10	-10	-120	-120
1950	10	12	8.034	57.043	6.175	196.441	264.582	688.005	0	0.046	-10	-10	-120	-120
1950	10	13	6.888	57.188	7.859	191.85	260.205	686.897	0	0.046	-10	-10	-120	-120
1950	10	14	7.181	55.706	6.86	195.251	258.643	687.135	0	0.046	-10	-10	-120	-120
1950	10	15	7.149	55.298	9.24	188.732	259.859	687.14	0	0.046	-10	-10	-120	-120
1950	10	16	5.378	58.93	5.654	187.809	252.878	685.38	0	0.046	-10	-10	-120	-120
1950	10	17	7.448	59.302	10.734	176.777	266.15	687.462	0	0.046	-10	-10	-120	-120
1950	10	18	6.091	58.483	10.432	173.757	259.674	686.131	0	0.045	-10	-10	-120	-120
1950	10	19	4.926	56.445	3.672	182.256	248.855	684.917	0	0.045	-10	-10	-120	-120
1950	10	20	5.551	56.089	9.399	178.676	252.138	685.546	0	0.045	-10	-10	-120	-120
1950	10	21	5.57	55.631	6.933	175.881	252.206	685.567	0	0.045	-10	-10	-120	-120
1950	10	22	4.416	56.002	4.872	172.329	247.801	684.43	0	0.045	-10	-10	-120	-120
1950	10	23	3.472	56.521	11.07	170.416	243.72	683.481	0	0.045	-10	-10	-120	-120
1950	10	24	3.43	60.375	7.236	165.717	246.216	683.448	0	0.045	-10	-10	-120	-120
1950	10	25	4.375	66.152	11.444	107.627	280.657	684.451	0.123	0.053	-10	-10	-120	-120
1950	10	26	2.753	67.968	11.096	87.968	282.628	682.845	1.085	0.07	-10	-10	-120	-120
1950	10	27	1.584	61.313	14.063	119.352	259.538	681.585	2.725	0.125	-10	-10	-120	-120
1950	10	28	2.528	66.579	11.834	115.016	266.613	682.551	1.26	0.111	-10	-10	-120	-120
1950	10	29	7.084	64.949	11.792	139.245	272.5	687.13	0.127	0.045	-10	-10	-120	-120
1950	10	30	7.224	62.815	12.797	140.603	270.578	687.264	0	0.044	-10	-10	-120	-120
1950	10	31	4.85	60.886	10.192	107.376	276.965	684.906	0.446	0.058	-10	-10	-120	-120
1950	11	1	-2.147	65.415	7.994	95.711	252.975	677.811	9.356	0.178	-10	-10	-120	-120
1950	11	2	-5.768	66.818	10.241	76.057	248.32	674.016	26.51	0.044	-10	-10	-120	-120
1950	11	3	-9.545	71.328	4.891	145.842	197.239	669.856	3.685	0.044	-10	-10	-120	-120
1950	11	4	-0.819	66.826	11.066	131.194	236.247	679.156	0.013	0.044	-10	-10	-120	-120
1950	11	5	0.915	70.251	13.66	87.708	268.602	680.966	1.374	0.044	-10	-10	-120	-120
1950	11	6	0.028	75.27	10.629	56.596	282.572	680.088	6.689	0.049	-10	-10	-120	-120
1950	11	7	-2.913	71.061	13.726	63.095	265.099	677.03	20.458	0.045	-10	-10	-120	-120
1950	11	8	-9.094	57.744	8.141	105.238	214.781	670.356	56.489	0.045	-10	-10	-120	-120
1950	11	9	-21.598	63.868	9.512	94.514	179.616	656.286	10.025	0.045	-10	-10	-120	-120
1950	11	10	-18.617	69.559	11.823	140.915	164.937	659.577	0.336	0.045	-10	-10	-120	-120
1950	11	11	-8.97	70.292	10.142	102.384	215.552	670.566	0	0.045	-10	-10	-120	-120
1950	11	12	-8.274	71.325	3.176	106.677	214.84	671.319	0	0.045	-10	-10	-120	-120
1950	11	13	-5.601	69.136	9.896	120.371	215.559	674.151	0.026	0.045	-10	-10	-120	-120
1950	11	14	-4.494	71.642	13.73	63.113	255.16	675.373	2.322	0.045	-10	-10	-120	-120
1950	11	15	-8.161	71.189	13.168	76.69	231.577	671.447	6.456	0.045	-10	-10	-120	-120
1950	11	16	-7.243	71.721	11.777	119.134	208.043	672.388	0.875	0.045	-10	-10	-120	-120
1950	11	17	-2.66	74.679	14.233	67.664	258.769	677.291	0.595	0.045	-10	-10	-120	-120
1950	11	18	-2.286	77.522	16.216	52.36	270.155	677.696	8.476	0.045	-10	-10	-120	-120
1950	11	19	-3.894	78.547	9.041	48.821	265.274	676.015	20.974	0.045	-10	-10	-120	-120
1950	11	20	-3.159	72.992	12.45	84.309	243.874	676.733	8.311	0.045	-10	-10	-120	-120
1950	11	21	-1.346	74.884	13.435	56.32	270.047	678.669	20.506	0.045	-10	-10	-120	-120
1950	11	22	-3.654	76.075	16.635	88.81	237.379	676.255	2.818	0.045	-10	-10	-120	-120
1950	11	23	-3.381	76.699	6.508	78.882	244.781	676.548	0	0.045	-10	-10	-120	-120
1950	11	24	-1.619	70.37	9.598	111.244	227.702	678.337	0	0.045	-10	-10	-120	-120
1950	11	25	0.626	69.953	7.973	107.775	238.659	680.659	0	0.045	-10	-10	-120	-120
1950	11	26	2.151	66.124	9.399	111.617	240.548	682.194	0	0.045	-10	-10	-120	-120
1950	11	27	1.358	61.253	11.527	114.237	233.126	681.359	0	0.045	-10	-10	-120	-120
1950	11	28	-1.702	63.092	6.895	113.875	221.116	678.213	0	0.045	-10	-10	-120	-120
1950	11	29	-0.953	68.999	9.74	104.217	231.748	679.037	0	0.045	-10	-10	-120	-120
1950	11	30	-1.712	75.023	10.255	53.227	267.283	678.291	1.566	0.045	-10	-10	-120	-120
1950	12	1	-4.94	70.261	12.017	67.464	242.264	674.892	6.812	0.045	-10	-10	-120	-120
1950	12	2	-10.696	72.447	12.064	69.97	218.413	668.691	6.55	0.045	-10	-10	-120	-120
1950	12	3	-9.603	74.127	15.758	75.155	218.614	669.859	9.245	0.045	-10	-10	-120	-120
1950	12	4	-8.136	73.054	11.022	51.707	240.777	671.474	19.039	0.045	-10	-10	-120	-120
1950	12	5	-15.565	61.226	5.194	82.253	191.513	663.193	13.249	0.045	-10	-10	-120	-120
1950	12	6	-15.358	64.659	10.142	82.66	192.435	663.35	4.924	0.045	-10	-10	-120	-120
1950	12	7	-8.585	74.325	12.997	70.686	224.365	670.967	14.774	0.045	-10	-10	-120	-120
1950	12	8	-5.575	82.21	12.367	37.277	261.712	674.242	3.266	0.045	-10	-10	-120	-120
1950	12	9	-4.308	76.417	11.012	76.24	235.686	675.569	0.175	0.045	-10	-10	-120	-120
1950	12	10	-2.99	76.439	12.585	95.372	226.108	676.919	0	0.045	-10	-10	-120	-120
1950	12	11	0.989	75.747	11.297	73.703	259.448	681.065	0	0.045	-10	-10	-120	-120
1950	12	12	-1.062	74.957	10.963	73.195	250.576	678.961	0	0.045	-10	-10	-120	-120
1950	12	13	-4.367	77.234	9.598	70.138	239.426	675.514	0	0.045	-10	-10	-120	-120
1950	12	14	-4.005	73.275	8.058	90.529	223.945	675.871	0	0.045	-10	-10	-120	-120
1950	12	15	-3.832	75.345	10.498	70.014	241.158	676.076	0	0.045	-10	-10	-120	-120
1950	12	16	-5.432	75.38	9.784	77.731	228.415	674.381	0	0.045	-10	-10	-120	-120
1950	12	17	-5.27	69.876	9.525	94.27	214.944	674.53	0	0.045	-10	-10	-120	-120
1950	12	18	-5.233	68.892	9.353	96.958	212.797	674.56	0	0.045	-10	-10	-120	-120
1950	12	19	-3.693	68.65	9.437	97.76	218.025	676.175	0	0.045	-10	-10	-120	-120
1950	12	20	-4.011	73.383	11.823	73.032	237.336	675.885	0	0.045	-10	-10	-120	-120
1950	12	21	-4.855	66.896	9.533	99.244	211.842	674.947	0	0.045	-10	-10	-120	-120
1950	12	22	-4.346	64.932	11.42	101.372	211.943	675.468	0	0.045	-10	-10	-120	-120
1950	12	23	-3.321	65.95	10.777	99.017	217.959	676.561	0	0.045	-10	-10	-120	-120
1950	12	24	-2.36	67.937	11.951	98.926	222.407	677.561	0	0.045	-10	-10	-120	-120
1950	12	25	-2.143	68.098	13.818	85.827	233.797	677.824	0	0.045	-10	-10	-120	-120
1950	12	26	-7.405	65.166	3.268	99.714	202.383	672.234	0	0.045	-10	-10	-120	-120
1950	12	27	-8.333	61.851	12.073	104.641	195.374	671.182	0	0.045	-10	-10	-120	-120
1950	12	28	-9.161	66.699	12.422	70.213	220.16	670.358	0	0.045	-10	-10	-120	-120
1950	12	29	-11.111	70.75	10.472	98.075	192.427	668.21	0	0.045	-10	-10	-120	-120
1950	12	30	-8.146	72.197	12.585	69.509	225.405	671.452	0.525	0.045	-10	-10	-120	-120
1950	12	31	-7.808	69.837	7.557	60.729	233.347	671.83	1.86	0.045	-10	-10	-120	-120
1951	1	1	-13.97	67.027	3.615	74.955	200.721	665.041	11.534	0.045	-10	-10	-120	-120
1951	1	2	-15.092	71.465	11.66	74.235	198.189	663.774	3.501	0.045	-10	-10	-120	-120
1951	1	3	-12.255	79.389	16.968	54.24	222.968	666.983	7.524	0.045	-10	-10	-120	-120
1951	1	4	-9.485	74.951	12.356	58.493	230.009	670.023	3.267	0.046	-10	-10	-120	-120
1951	1	5	-11.122	70.885	9.924	64.797	219.325	668.227	4.134	0.046	-10	-10	-120	-120
1951	1	6	-15.146	71.468	10.316	75.102	198.522	663.728	1.805	0.046	-10	-10	-120	-120
1951	1	7	-11.871	67.662	10.781	108.205	185.985	667.339	0.18	0.046	-10	-10	-120	-120
1951	1	8	-8.665	64.504	12.846	105.076	198.921	670.875	0	0.046	-10	-10	-120	-120
1951	1	9	-11.354	66.387	7.943	104.72	190.939	667.947	0	0.046	-10	-10	-120	-120
1951	1	10	-12.316	66.647	10.397	104.425	188.601	666.885	0	0.046	-10	-10	-120	-120
1951	1	11	-12.791	66.005	8.642	108.037	185.173	666.346	0	0.046	-10	-10	-120	-120
1951	1	12	-13.275	65.607	6.197	104.406	186.645	665.822	0	0.046	-10	-10	-120	-120
1951	1	13	-14.982	66.896	8.502	111.871	177.228	663.88	0	0.046	-10	-10	-120	-120
1951	1	14	-11.813	72.112	14.931	108.131	191.038	667.424	0	0.046	-10	-10	-120	-120
1951	1	15	-6.507	70.875	14.279	103.203	213.466	673.208	0.044	0.046	-10	-10	-120	-120
1951	1	16	-5.419	70.126	16.054	71.848	240.26	674.385	0.216	0.046	-10	-10	-120	-120
1951	1	17	-7.986	76.357	16.916	70.075	232.566	671.641	0.739	0.046	-10	-10	-120	-120
1951	1	18	-6.452	71.809	18.616	66.648	240.866	673.29	16.122	0.046	-10	-10	-120	-120
1951	1	19	-10.553	66.99	7.312	81.286	215.869	668.837	44.919	0.046	-10	-10	-120	-120
1951	1	20	-15.954	73.886	10.887	76.514	201.23	662.828	7.429	0.046	-10	-10	-120	-120
1951	1	21	-11.829	68.689	14.044	92.736	205.871	667.365	4.418	0.046	-10	-10	-120	-120
1951	1	22	-8.706	70.372	14.935	73.14	229.832	670.865	17.334	0.046	-10	-10	-120	-120
1951	1	23	-11.727	81.045	11.569	70.347	221.618	667.563	7.062	0.046	-10	-10	-120	-120
1951	1	24	-7.072	79.342	10.247	73.661	237.64	672.621	17.695	0.046	-10	-10	-120	-120
1951	1	25	-3.346	73.377	13.379	103.775	233.024	676.573	2.432	0.046	-10	-10	-120	-120
1951	1	26	-3.608	68.828	15.855	120.016	221.724	676.284	0	0.046	-10	-10	-120	-120
1951	1	27	-7.775	66.508	6.662	92.631	223.896	671.812	16.021	0.046	-10	-10	-120	-120
1951	1	28	-19.806	52.636	6.66	104.918	177.496	658.214	56.871	0.046	-10	-10	-120	-120
1951	1	29	-25.833	61.68	6.609	99.457	163.673	651.232	16.644	0.046	-10	-10	-120	-120
1951	1	30	-27.742	66.183	5.78	89.231	163.885	648.936	2.707	0.046	-10	-10	-120	-120
1951	1	31	-30.922	64.838	5.7	132.98	136.566	644.98	0.206	0.046	-10	-10	-120	-120
1951	2	1	-27.852	65.584	12.789	110.158	156.028	648.576	2.039	0.046	-10	-10	-120	-120
1951	2	2	-17.363	72.755	16.597	107.707	187.909	661.115	9.05	0.046	-10	-10	-120	-120
1951	2	3	-10.67	79.377	16.219	61.871	235.48	668.736	6.589	0.046	-10	-10	-120	-120
1951	2	4	-8.257	78.378	11.066	90.103	229.981	671.336	10.212	0.046	-10	-10	-120	-120
1951	2	5	-5.899	77.935	13.634	55.376	258.617	673.895	17.135	0.046	-10	-10	-120	-120
1951	2	6	-7.687	80.132	11.021	82.76	237.36	671.967	13.35	0.046	-10	-10	-120	-120
1951	2	7	-4.508	76.943	11.685	88.143	247.58	675.351	30.88	0.046	-10	-10	-120	-120
1951	2	8	-3.694	77.59	16.599	70.823	260.76	676.224	19.27	0.046	-10	-10	-120	-120
1951	2	9	-3.123	75.828	14.923	107.792	244.29	676.783	8.236	0.046	-10	-10	-120	-120
1951	2	10	1.033	70.644	14.3	142.392	242.993	681.086	0.869	0.046	-10	-10	-120	-120
1951	2	11	-0.8	69.42	13.39	129.842	242.456	679.221	0.035	0.046	-10	-10	-120	-120
1951	2	12	-7.185	64.96	1.837	109.32	228.275	672.473	2.507	0.046	-10	-10	-120	-120
1951	2	13	-15.954	59.286	4.337	128.261	189.681	662.715	9.177	0.046	-10	-10	-120	-120
1951	2	14	-13.437	56.849	7.958	130.503	197.761	665.476	5.162	0.046	-10	-10	-120	-120
1951	2	15	-9.679	58.966	7.174	175.395	189.824	669.654	0.558	0.046	-10	-10	-120	-120
1951	2	16	-6.637	61.713	11.792	172.16	202.819	673.022	0	0.046	-10	-10	-120	-120
1951	2	17	-6.999	66.508	9.517	160.583	208.494	672.679	0	0.046	-10	-10	-120	-120
1951	2	18	-7.472	67.14	10.298	121.343	226.162	672.172	0.289	0.046	-10	-10	-120	-120
1951	2	19	-9.75	69.556	6.63	105.321	225.683	669.727	1.529	0.046	-10	-10	-120	-120
1951	2	20	-9.918	63.548	8.694	139.171	210.889	669.431	1.499	0.046	-10	-10	-120	-120
1951	2	21	-5.59	58.449	9.59	186.918	204.743	674.101	0.184	0.046	-10	-10	-120	-120
1951	2	22	-6.624	61.463	6.044	182.64	204.363	673.051	0	0.046	-10	-10	-120	-120
1951	2	23	-5.355	58.392	7.879	192.914	205.257	674.326	0	0.046	-10	-10	-120	-120
1951	2	24	-5.907	60.751	9.509	181.691	209.285	673.829	0	0.046	-10	-10	-120	-120
1951	2	25	-10.063	65.914	9.965	169.952	201.107	669.37	0	0.046	-10	-10	-120	-120
1951	2	26	-10.717	66.311	9.998	141.213	211.801	668.619	0.429	0.046	-10	-10	-120	-120
1951	2	27	-9.938	64.266	5.232	131.988	218.63	669.503	1.794	0.046	-10	-10	-120	-120
1951	2	28	-13.677	66.123	8.029	142.18	202.52	665.358	0.694	0.046	-10	-10	-120	-120
1951	3	1	-11.822	62.347	4.967	152.353	205.56	667.376	3.747	0.046	-10	-10	-120	-120
1951	3	2	-11.99	60.876	4.459	144.946	208.207	667.232	11.901	0.046	-10	-10	-120	-120
1951	3	3	-16.321	67.525	5.821	152.016	192.467	662.359	4.066	0.046	-10	-10	-120	-120
1951	3	4	-12.93	73.701	15.569	140.463	208.871	666.197	1.416	0.046	-10	-10	-120	-120
1951	3	5	-8.895	69.055	16.795	134.454	225.743	670.645	6.514	0.046	-10	-10	-120	-120
1951	3	6	-7.643	66.485	8.338	160.339	221.571	671.936	13.176	0.046	-10	-10	-120	-120
1951	3	7	-6.086	69.086	13.326	126.664	240.606	673.676	10.721	0.046	-10	-10	-120	-120
1951	3	8	-6.088	68.408	6.912	213.959	209.016	673.616	1.299	0.046	-10	-10	-120	-120
1951	3	9	-2.47	63.257	11.07	156.014	244.747	677.452	0.134	0.046	-10	-10	-120	-120
1951	3	10	-6.065	58.494	3.456	164.372	227.667	673.646	1.515	0.046	-10	-10	-120	-120
1951	3	11	-14.734	66.136	7.499	152.11	202.403	664.189	2.436	0.046	-10	-10	-120	-120
1951	3	12	-12.656	69.515	4.879	174.992	203.359	666.411	0.764	0.046	-10	-10	-120	-120
1951	3	13	-7.712	71.093	7.659	117.928	240.617	671.941	2.662	0.046	-10	-10	-120	-120
1951	3	14	-7.973	70.49	8.796	164.796	224.425	671.61	1.08	0.046	-10	-10	-120	-120
1951	3	15	-5.543	67.127	12.095	142.586	241.347	674.247	2.14	0.046	-10	-10	-120	-120
1951	3	16	-9.108	60.035	14.838	173.596	217.409	670.381	2.566	0.046	-10	-10	-120	-120
1951	3	17	-16.253	64.212	7.594	171.041	194.815	662.46	0.482	0.046	-10	-10	-120	-120
1951	3	18	-17.191	75.351	8.543	157.762	196.796	661.401	0.241	0.046	-10	-10	-120	-120
1951	3	19	-11.49	75.313	11.887	214.735	199.158	667.793	0.031	0.046	-10	-10	-120	-120
1951	3	20	-6.226	76.835	12.288	199.62	223.898	673.518	0	0.046	-10	-10	-120	-120
1951	3	21	-1.743	66.73	11.943	166.492	252.048	678.225	1.312	0.046	-10	-10	-120	-120
1951	3	22	-4.558	60.224	13.967	187.664	233.58	675.251	5.534	0.046	-10	-10	-120	-120
1951	3	23	-9.808	67.759	13.406	187.387	215.593	669.624	0.877	0.046	-10	-10	-120	-120
1951	3	24	-6.575	69.001	10.908	239.985	211.785	673.128	0.016	0.046	-10	-10	-120	-120
1951	3	25	-2.671	64.598	8.13	262.281	219.768	677.218	0	0.046	-10	-10	-120	-120
1951	3	26	-0.527	60.215	8.706	267.164	226.597	679.435	0	0.046	-10	-10	-120	-120
1951	3	27	-3.879	59.598	10.339	190.856	238.129	675.971	2.424	0.046	-10	-10	-120	-120
1951	3	28	-11.825	62.674	10.943	202.757	206.313	667.398	8.536	0.046	-10	-10	-120	-120
1951	3	29	-9.264	66.555	8.536	283.268	193.511	670.132	1.17	0.046	-10	-10	-120	-120
1951	3	30	-3.26	63.421	5.293	196.96	241.015	676.626	2.476	0.046	-10	-10	-120	-120
1951	3	31	-6.105	67.401	9.062	173.01	237.615	673.651	8.684	0.046	-10	-10	-120	-120
1951	4	1	-7.79	65.717	5.7	263.795	205.425	671.823	1.19	0.046	-10	-10	-120	-120
1951	4	2	-5.371	61.748	3.109	290.305	207.065	674.347	0	0.046	-10	-10	-120	-120
1951	4	3	-2.366	61.668	5.376	217.021	240.905	677.52	0.849	0.046	-10	-10	-120	-120
1951	4	4	-2.232	65.621	4.276	201.146	246.902	677.709	4.47	0.046	-10	-10	-120	-120
1951	4	5	-3.227	71.741	7.141	175.927	251.08	676.694	7.849	0.046	-10	-10	-120	-120
1951	4	6	-3.183	72.27	7.233	160.485	255.954	676.748	10.789	0.046	-10	-10	-120	-120
1951	4	7	-2.795	67.206	4.787	204.624	245.195	677.124	2.846	0.046	-10	-10	-120	-120
1951	4	8	-3.765	70.43	5.991	177.74	249.358	676.133	7.802	0.046	-10	-10	-120	-120
1951	4	9	-4.221	63.484	9.701	209.757	238.348	675.624	12.512	0.046	-10	-10	-120	-120
1951	4	10	-7.012	57.691	11.855	230.614	221.992	672.616	24.015	0.046	-10	-10	-120	-120
1951	4	11	-12.651	68.902	9.321	199.937	210.925	666.525	7.214	0.046	-10	-10	-120	-120
1951	4	12	-9.233	68.491	8.877	236.146	214.915	670.191	1.562	0.046	-10	-10	-120	-120
1951	4	13	-1.473	61.505	11.986	315.326	222.362	678.435	0.141	0.046	-10	-10	-120	-120
1951	4	14	-0.801	58.011	5.935	231.969	247.689	679.158	0.56	0.046	-10	-10	-120	-120
1951	4	15	-8.326	64.86	7.276	218.758	222.997	671.249	2.206	0.046	-10	-10	-120	-120
1951	4	16	-5.269	61.759	5.178	330.763	206.351	674.379	0.391	0.046	-10	-10	-120	-120
1951	4	17	-0.112	66.876	11.865	232.916	253.554	679.875	0.319	0.046	-10	-10	-120	-120
1951	4	18	1.973	69.63	8.892	208.496	269.6	682.042	0.639	0.046	-10	-10	-120	-120
1951	4	19	1.424	66.567	6.586	205.787	267.574	681.486	7.654	0.046	-10	-10	-120	-120
1951	4	20	-3.191	71.834	4.898	177.575	255.985	676.741	18.231	0.046	-10	-10	-120	-120
1951	4	21	-3.692	65.536	3.661	215.375	243.992	676.191	11.016	0.046	-10	-10	-120	-120
1951	4	22	-3.155	68.404	4.248	253.075	238.488	676.659	2.79	0.046	-10	-10	-120	-120
1951	4	23	2.668	65.236	5.376	225.705	269.258	682.734	13.743	0.046	-10	-10	-120	-120
1951	4	24	-0.877	70.331	8.848	192.107	263.149	679.141	29.686	0.046	-10	-10	-120	-120
1951	4	25	-0.317	65.008	5.826	246.876	251.67	679.663	6.039	0.046	-10	-10	-120	-120
1951	4	26	1.33	64.396	9.243	246.979	259.042	681.352	3.989	0.046	-10	-10	-120	-120
1951	4	27	1.275	66.62	11.042	231.75	263.134	681.324	2.181	0.046	-10	-10	-120	-120
1951	4	28	1.995	65.356	9.254	250.984	261.885	682.025	0.438	0.046	-10	-10	-120	-120
1951	4	29	2.961	60.912	10.058	244.101	267.046	683.018	3.861	0.046	-10	-10	-120	-120
1951	4	30	-3.368	68.769	9.244	201.566	251.782	676.551	12.351	0.046	-10	-10	-120	-120
1951	5	1	-5.202	70.946	15.043	192.194	246.926	674.62	3.253	0.046	-10	-10	-120	-120
1951	5	2	-4.412	69.805	11.818	311.05	222.4	675.431	0.224	0.046	-10	-10	-120	-120
1951	5	3	-0.009	63.263	8.233	342.448	231.772	679.983	0	0.046	-10	-10	-120	-120
1951	5	4	3.478	59.603	3.937	359.265	242.326	683.469	0	0.046	-10	-10	-120	-120
1951	5	5	5.849	56.414	3.098	355.464	252.785	685.858	0	0.046	-10	-10	-120	-120
1951	5	6	2.377	59.219	11.951	343.948	241.571	682.422	0	0.046	-10	-10	-120	-120
1951	5	7	2.813	55.59	6.608	365.385	237.796	682.789	0	0.046	-10	-10	-120	-120
1951	5	8	1.394	61.327	7.155	340.253	239.766	681.43	0	0.046	-10	-10	-120	-120
1951	5	9	0.917	61.642	8.495	310.336	245.013	680.967	0	0.046	-10	-10	-120	-120
1951	5	10	0.538	59.989	2.432	361.03	231.622	680.522	0	0.329	-10	-10	-120	-120
1951	5	11	4.364	56.559	4.677	367.702	246.064	684.364	0	0.934	-10	-10	-120	-120
1951	5	12	5.004	56.003	11.178	353.134	252.029	685.046	0	0.992	-10	-10	-120	-120
1951	5	13	1.543	61.265	6.743	264.141	260.18	681.574	1.697	0.217	-10	-10	-120	-120
1951	5	14	1.329	64.628	4.326	252.781	262.709	681.373	7.251	0.415	-10	-10	-120	-120
1951	5	15	1.645	66.558	10.16	234.383	268.754	681.711	8.649	0.41	-10	-10	-120	-120
1951	5	16	3.052	63.759	7.187	263.07	268.275	683.108	30.177	2.362	-10	-10	-120	-120
1951	5	17	3.397	65.025	3.324	251.752	272.787	683.471	14.034	1.528	-10	-10	-120	-120
1951	5	18	4.721	61.589	5.215	359.078	253.035	684.772	1.411	1.158	-10	-10	-120	-120
1951	5	19	5.585	63.12	4.956	271.063	278.643	685.629	0.446	1.606	-10	-10	-120	-120
1951	5	20	4.87	66.668	3.415	242.536	282.569	684.955	6.066	2.622	-10	-10	-120	-120
1951	5	21	1.674	77.206	9.038	152.17	289.529	681.77	17.229	2.806	-10	-10	-120	-120
1951	5	22	4.986	65.376	4.766	270.312	277.003	685.039	5.384	2.93	-10	-10	-120	-120
1951	5	23	6.81	63.263	8.614	356.065	265.249	686.854	0.435	4.571	-10	-10	-120	-120
1951	5	24	6.795	68.203	11.085	329.106	273.011	686.862	0	5.726	-10	-10	-120	-120
1951	5	25	7.276	70.019	14.826	232.17	297.879	687.345	0.149	6.966	-10	-10	-120	-120
1951	5	26	7.992	65.498	6.044	266.447	292.889	688.016	0.642	7.842	-10	-10	-120	-120
1951	5	27	9.076	61.727	6.889	282.615	293.953	689.034	0.806	8.325	-10	-10	-120	-120
1951	5	28	9.091	58.925	8.681	283.435	292.962	689.045	2.684	9.668	-10	-10	-120	-120
1951	5	29	8.132	58.968	3.913	384.399	265.115	688.096	0.369	15.76	-10	-10	-120	-120
1951	5	30	9.264	61.531	7.969	371.449	274.602	689.234	0	23.13	-10	-10	-120	-120
1951	5	31	8.244	58.331	4.992	269.719	291.885	688.246	6.108	26.45	-10	-10	-120	-120
1951	6	1	-0.464	60.865	13.087	258.941	255.6	679.539	19.772	6.401	-10	-10	-120	-120
1951	6	2	-6.132	74.577	7.121	196.962	247.079	673.635	5.474	5	-10	-10	-120	-120
1951	6	3	-3.703	69.919	3.549	234.107	248.864	676.19	3.345	5	-10	-10	-120	-120
1951	6	4	1.783	60.922	3.413	392.509	236.172	681.765	0.421	5	-10	-10	-120	-120
1951	6	5	5.042	58.14	7.127	378.536	252.39	685.081	0	7.145	-10	-10	-120	-120
1951	6	6	4.267	60.132	3.385	290.356	270.051	684.293	0.656	7.356	-10	-10	-120	-120
1951	6	7	4.095	61.991	6.636	279.439	272.057	684.149	4.635	6.977	-10	-10	-120	-120
1951	6	8	3.469	63.154	3.867	273.477	270.78	683.531	4.193	7.218	-10	-10	-120	-120
1951	6	9	3.895	62.698	4.614	283.25	270.67	683.943	5.415	7.743	-10	-10	-120	-120
1951	6	10	3.771	64.199	4.243	267.157	273.851	683.843	16.198	15.62	-10	-10	-120	-120
1951	6	11	2.929	66.597	2.647	264.547	271.115	683	7.656	8.863	-10	-10	-120	-120
1951	6	12	5.37	64.6	7.117	287.374	277.363	685.406	2.405	9.809	-10	-10	-120	-120
1951	6	13	6.573	64.51	5.341	269.891	286.579	686.627	1.58	16.77	-10	-10	-120	-120
1951	6	14	5.659	63.506	5.873	278.11	280.297	685.713	0.735	14.491	-10	-10	-120	-120
1951	6	15	7.972	59.947	2.919	393.139	264.833	687.937	0.078	24.48	-10	-10	-120	-120
1951	6	16	10.194	59.282	4.196	381.16	277.756	690.128	0	25.31	-10	-10	-120	-120
1951	6	17	9.884	58.411	4.776	384.782	274.928	689.818	0	25.24	-10	-10	-120	-120
1951	6	18	8.75	62.396	4.565	289.87	292.947	688.719	0.096	19.16	-10	-10	-120	-120
1951	6	19	9.429	60.228	4.851	366.964	277.248	689.408	0.014	23.92	-10	-10	-120	-120
1951	6	20	7.065	61.754	3.881	284.247	285.452	687.085	1.409	18.51	-10	-10	-120	-120
1951	6	21	5.233	64.03	2.924	266.249	281.103	685.301	6.046	22.53	-10	-10	-120	-120
1951	6	22	4.54	62.842	3.145	278.355	275.019	684.595	2.279	12.605	-10	-10	-120	-120
1951	6	23	4.155	64.866	2.866	276.412	274.153	684.213	2.551	14.529	-10	-10	-120	-120
1951	6	24	7.415	60.525	9.468	294.903	284.756	687.385	1.245	14.841	-10	-10	-120	-120
1951	6	25	8.293	62.47	6.134	285.299	291.499	688.281	1.635	19.11	-10	-10	-120	-120
1951	6	26	8.647	59.706	5.065	285.063	292.222	688.623	0.871	21.11	-10	-10	-120	-120
1951	6	27	7.626	55.748	4.601	392.283	261.166	687.591	0.094	22.34	-10	-10	-120	-120
1951	6	28	7.04	56.518	3.568	298.664	280.896	686.987	1.085	15.74	-10	-10	-120	-120
1951	6	29	5.733	58.472	7.223	287.687	277.316	685.755	4.609	14.091	-10	-10	-120	-120
1951	6	30	4.609	59.389	3.497	293.883	271.129	684.615	1.861	11.634	-10	-10	-120	-120
1951	7	1	7.613	58.515	2.911	298.1	284.576	687.539	0.411	17	-10	-10	-120	-120
1951	7	2	9.591	57.017	3.18	379.244	273.702	689.532	0.034	26.87	-10	-10	-120	-120
1951	7	3	9.956	57.722	3.436	392.955	273.544	689.828	0	26.76	-10	-10	-120	-120
1951	7	4	11.863	56.516	8.959	376.84	285.286	691.714	0	27.25	-10	-10	-120	-120
1951	7	5	11.649	57.01	4.537	389.973	282.181	691.458	0	28.89	-10	-10	-120	-120
1951	7	6	13.141	55.825	7.156	376.629	291.566	692.925	0	30.2	-10	-10	-120	-120
1951	7	7	12.765	56.169	8.502	385.863	288.185	692.532	0	30.04	-10	-10	-120	-120
1951	7	8	11.43	58.925	9.356	350.252	289.635	691.337	0	27.75	-10	-10	-120	-120
1951	7	9	9.623	58.693	4.285	285.923	296.047	689.544	0.254	21	-10	-10	-120	-120
1951	7	10	9.043	61.45	10.203	275.051	296.363	689.016	1.602	20.61	-10	-10	-120	-120
1951	7	11	9.888	61.088	9.535	269.823	301.438	689.842	1.886	23.16	-10	-10	-120	-120
1951	7	12	8.846	60.339	6.837	263.71	297.032	688.839	0.474	20.67	-10	-10	-120	-120
1951	7	13	10.038	54.033	2.042	385.665	272.22	689.904	0.034	16.41	-10	-10	-120	-120
1951	7	14	12.567	54.495	1.907	385.32	285.628	692.306	0	5.243	-10	-10	-120	-120
1951	7	15	14.519	57.09	2.295	281.424	321.835	694.201	0.079	5	-10	-10	-120	-120
1951	7	16	13.172	63.604	3.957	254.108	322.629	693.007	0.44	5	-10	-10	-120	-120
1951	7	17	12.572	63.048	0.161	237.122	322.429	692.449	0.228	5	-10	-10	-120	-120
1951	7	18	13.755	57.887	2.686	373.165	295.695	693.48	0.024	5	-10	-10	-120	-120
1951	7	19	16.553	60.386	7.012	270.074	336.896	696.137	0.333	5	-10	-10	-120	-120
1951	7	20	15.95	61.792	7.68	230.378	341.803	695.637	2.559	4.969	-10	-10	-120	-120
1951	7	21	10.187	66.818	3.386	203.089	318.092	690.183	4.716	5.071	-10	-10	-120	-120
1951	7	22	9.766	59.283	3.099	263.118	300.082	689.72	1.357	4.702	-10	-10	-120	-120
1951	7	23	11.304	53.548	5.107	371.189	279.618	691.142	0.105	4.195	-10	-10	-120	-120
1951	7	24	13.614	52.299	4.285	367.424	291.694	693.344	0	3.604	-10	-10	-120	-120
1951	7	25	14.175	54.276	3.104	272	319.049	693.887	0.044	3.055	-10	-10	-120	-120
1951	7	26	14.081	56.409	2.567	270.979	319.825	693.801	0.689	2.614	-10	-10	-120	-120
1951	7	27	15.543	57.096	4.058	260.631	330.072	695.206	4.997	2.429	-10	-10	-120	-120
1951	7	28	15.186	58.808	2.486	252.832	330.25	694.89	10.552	2.669	-10	-10	-120	-120
1951	7	29	14.544	58.706	5.256	249.106	327.085	694.291	4.505	1.969	-10	-10	-120	-120
1951	7	30	14.589	59.224	4.424	260.717	325.254	694.305	0.521	1.635	-10	-10	-120	-120
1951	7	31	16.188	58.034	4.455	246.514	336.206	695.831	0.764	1.389	-10	-10	-120	-120
1951	8	1	15.626	57.254	2.55	255.538	330.755	695.286	2.12	1.212	-10	-10	-120	-120
1951	8	2	14.439	62.628	6.732	230.816	331.56	694.216	1.329	1.09	-10	-10	-120	-120
1951	8	3	13.587	64.225	8.888	209.983	331.842	693.429	5.372	1.161	-10	-10	-120	-120
1951	8	4	13.223	63.56	10.022	235.952	323.543	693.058	3.896	0.986	-10	-10	-120	-120
1951	8	5	13.016	63.048	9.832	210.114	327.756	692.886	1.745	0.83	-10	-10	-120	-120
1951	8	6	12.109	59.531	4.502	254.984	311.06	691.958	2.618	0.742	-10	-10	-120	-120
1951	8	7	11.656	59.147	4.299	238.05	312.046	691.562	3.174	0.698	-10	-10	-120	-120
1951	8	8	8.981	57.582	2.561	250.059	294.713	688.959	1.139	0.605	-10	-10	-120	-120
1951	8	9	7.456	58.85	3.726	258.397	285.811	687.439	0.14	0.528	-10	-10	-120	-120
1951	8	10	9.508	58.041	4.564	252.891	296.42	689.452	0.04	0.439	-10	-10	-120	-120
1951	8	11	11.025	56.261	4.328	258.863	302.096	690.873	0.084	0.366	-10	-10	-120	-120
1951	8	12	12.165	53.78	4.262	330.764	286.48	692.01	0.011	0.283	-10	-10	-120	-120
1951	8	13	11.666	52.253	4.541	341.401	280.305	691.487	0	0.208	-10	-10	-120	-120
1951	8	14	10.467	51.439	4.855	329.8	276.085	690.38	0	0.149	-10	-10	-120	-120
1951	8	15	8.678	50.28	1.421	340.285	264.592	688.602	0	0.108	-10	-10	-120	-120
1951	8	16	11.415	48.787	8.134	336.547	277.53	691.238	0	0.081	-10	-10	-120	-120
1951	8	17	12.7	51.429	3.963	332.205	286.385	692.476	0	0.064	-10	-10	-120	-120
1951	8	18	13.8	53.96	1.503	238.746	318.094	693.562	0.018	0.054	-10	-10	-120	-120
1951	8	19	12.04	54.275	3.416	238.538	308.684	691.891	0.947	0.05	-10	-10	-120	-120
1951	8	20	7.763	60.61	6.66	191.968	300.846	687.821	4.519	0.167	-10	-10	-120	-120
1951	8	21	7.296	59.76	6.524	226.443	289.35	687.32	1.808	0.122	-10	-10	-120	-120
1951	8	22	10.047	58.047	5.221	217.746	304.063	690.014	0.545	0.049	-10	-10	-120	-120
1951	8	23	9.662	57.105	6.505	222.334	300.202	689.634	3.108	0.071	-10	-10	-120	-120
1951	8	24	9.185	55.883	9.18	227.508	295.669	689.158	6.273	0.29	-10	-10	-120	-120
1951	8	25	8.13	53.163	5.17	228.902	288.798	688.123	1.989	0.134	-10	-10	-120	-120
1951	8	26	7.705	49.604	5.673	318.704	259.61	687.649	0.165	0.048	-10	-10	-120	-120
1951	8	27	10.44	52.401	10.234	310.701	275.856	690.325	0	0.047	-10	-10	-120	-120
1951	8	28	11.376	59.914	8.984	203.953	312.926	691.303	1.312	0.047	-10	-10	-120	-120
1951	8	29	9.671	64.062	8.876	177.394	312.071	689.683	6.418	0.291	-10	-10	-120	-120
1951	8	30	8.587	60.625	9.045	193.128	300.872	688.615	2.579	0.115	-10	-10	-120	-120
1951	8	31	7.886	54.592	6.293	218.813	288.264	687.887	1.116	0.082	-10	-10	-120	-120
1951	9	1	8.005	53.031	4.616	224.572	286.579	687.972	2.339	0.081	-10	-10	-120	-120
1951	9	2	8.064	53.486	4.149	216.104	288.704	688.058	1.34	0.091	-10	-10	-120	-120
1951	9	3	7.852	51.914	4.779	221.232	285.407	687.821	1.214	0.075	-10	-10	-120	-120
1951	9	4	8.355	48.456	4.374	289.259	264.317	688.323	0.153	0.046	-10	-10	-120	-120
1951	9	5	8.08	48.32	4.294	292.223	261.674	688.032	0	0.045	-10	-10	-120	-120
1951	9	6	9.52	46.387	6.485	289.981	267.282	689.425	0	0.045	-10	-10	-120	-120
1951	9	7	8.383	49.534	3.805	284.415	264.625	688.342	0	0.045	-10	-10	-120	-120
1951	9	8	9.255	48.327	7.706	211.893	290.782	689.178	0.157	0.047	-10	-10	-120	-120
1951	9	9	4.767	48.627	6.584	212.958	269.624	684.764	0.652	0.056	-10	-10	-120	-120
1951	9	10	7.209	47.626	9.298	216.115	279.516	687.099	1.656	0.081	-10	-10	-120	-120
1951	9	11	7.325	47.841	9.51	199.305	283.859	687.33	6.392	0.304	-10	-10	-120	-120
1951	9	12	0.461	52.567	8.118	195.254	255.514	680.465	2.64	0.136	-10	-10	-120	-120
1951	9	13	2.882	44.817	4.312	277.181	236.344	682.849	0.251	0.069	-10	-10	-120	-120
1951	9	14	4.329	42.172	2.728	278.479	240.26	684.258	0	0.043	-10	-10	-120	-120
1951	9	15	1.578	47.323	5.586	263.166	234.771	681.58	0	0.043	-10	-10	-120	-120
1951	9	16	5.352	44.844	6.059	273.151	245.899	685.266	0	0.043	-10	-10	-120	-120
1951	9	17	6.833	49.298	0.614	198.157	279.229	686.797	0.35	0.049	-10	-10	-120	-120
1951	9	18	6.579	51.128	3.174	190.125	280.275	686.588	1.949	0.082	-10	-10	-120	-120
1951	9	19	6.181	53.14	9.929	191.294	278.259	686.174	1.881	0.103	-10	-10	-120	-120
1951	9	20	6.858	52.801	9.082	175.199	285.595	686.894	3.879	0.133	-10	-10	-120	-120
1951	9	21	1.892	52.366	7.03	175.436	262.555	681.93	2.009	0.119	-10	-10	-120	-120
1951	9	22	0.159	51.491	6.036	249.266	229.011	680.103	0.213	0.056	-10	-10	-120	-120
1951	9	23	3.549	51.093	3.928	229.229	248.688	683.597	0	0.042	-10	-10	-120	-120
1951	9	24	5.261	48.227	5.951	241.312	249.934	685.265	0	0.041	-10	-10	-120	-120
1951	9	25	6.864	47.273	13.626	242.353	255.58	686.828	0	0.041	-10	-10	-120	-120
1951	9	26	5.676	48.285	12.16	220.893	257.078	685.723	0	0.041	-10	-10	-120	-120
1951	9	27	3.87	45.457	5.577	244.754	238.984	683.776	0	0.041	-10	-10	-120	-120
1951	9	28	6.837	47.976	8.998	239.295	254.946	686.741	0	0.04	-10	-10	-120	-120
1951	9	29	8.479	54.369	10.829	184.526	283.238	688.515	0	0.04	-10	-10	-120	-120
1951	9	30	7.104	53.069	8.669	218.499	262.895	687.11	0.018	0.043	-10	-10	-120	-120
1951	10	1	7.658	56.242	11.314	148.975	292.772	687.693	6.364	0.302	-10	-10	-120	-120
1951	10	2	3.874	59.556	10.351	141.873	278.002	683.952	31.464	2.36	-10	-10	-120	-120
1951	10	3	0.159	70.769	7.21	98.635	278.792	680.217	30.851	1.404	-10	-10	-120	-120
1951	10	4	0.153	66.455	4.856	118.635	270.06	680.196	11.685	0.288	-10	-10	-120	-120
1951	10	5	-3.275	70.073	8.402	106.558	259.91	676.652	26.933	0.129	-10	-10	-120	-120
1951	10	6	-3.335	71.414	5.444	117.685	255.09	676.578	15.735	0.042	-10	-10	-120	-120
1951	10	7	0.27	62.877	5.992	190.162	239.353	680.28	1.721	0.042	-10	-10	-120	-120
1951	10	8	2.221	58.568	5.003	207.11	238.805	682.215	0	0.043	-10	-10	-120	-120
1951	10	9	4.638	56.216	7.061	208.086	247.222	684.617	0	0.222	-10	-10	-120	-120
1951	10	10	5.606	56.903	4.911	203.323	252.68	685.6	0	0.544	-10	-10	-120	-120
1951	10	11	5.444	58.355	7.757	149.38	275.381	685.451	0.087	0.77	-10	-10	-120	-120
1951	10	12	4.351	57.982	8.297	146.346	270.678	684.372	0.336	0.687	-10	-10	-120	-120
1951	10	13	1.284	60.603	12.409	179.775	241.714	681.32	0.046	0.335	-10	-10	-120	-120
1951	10	14	1.137	62.153	9.745	187.081	237.436	681.14	0	0.432	-10	-10	-120	-120
1951	10	15	2.644	60.677	13.857	134.456	266.31	682.687	2.459	0.533	-10	-10	-120	-120
1951	10	16	-0.854	60.259	8.334	132.608	251.234	679.121	11.63	0.182	-10	-10	-120	-120
1951	10	17	-4.418	62.593	6.16	130.752	237.258	675.404	9.688	0.047	-10	-10	-120	-120
1951	10	18	-3.142	64.032	3.267	136.744	239.448	676.7	5.196	0.047	-10	-10	-120	-120
1951	10	19	1.263	62.037	9.093	132.759	258.322	681.263	2.852	0.048	-10	-10	-120	-120
1951	10	20	0.367	63.472	11.503	117.129	261.006	680.398	2.521	0.048	-10	-10	-120	-120
1951	10	21	-5.079	70.192	2.419	109.124	242.044	674.757	0.314	0.048	-10	-10	-120	-120
1951	10	22	-6.378	68.77	9.415	152.52	216.164	673.34	0	0.049	-10	-10	-120	-120
1951	10	23	-2.619	68.465	12.802	159.202	226.81	677.285	0	0.049	-10	-10	-120	-120
1951	10	24	1.319	64.111	13.076	151.203	244.662	681.365	0	0.049	-10	-10	-120	-120
1951	10	25	0.633	60.873	4.828	125.33	253.96	680.613	5.915	0.05	-10	-10	-120	-120
1951	10	26	-1.46	65.868	9.622	105.903	254.736	678.524	24.138	0.298	-10	-10	-120	-120
1951	10	27	-4.162	69.831	4.938	93.806	249.334	675.715	6.084	0.053	-10	-10	-120	-120
1951	10	28	-2.58	64.596	7.894	160.291	220.376	677.297	0.394	0.055	-10	-10	-120	-120
1951	10	29	-0.806	66.149	14.297	135.351	239.448	679.201	0	0.057	-10	-10	-120	-120
1951	10	30	-2.107	63.984	8.487	139.794	230.339	677.846	0	0.06	-10	-10	-120	-120
1951	10	31	-5.769	60.994	4.26	108.164	231.838	673.982	0.499	0.062	-10	-10	-120	-120
1951	11	1	-15.793	62.642	9.433	108.549	195.819	662.981	2.757	0.065	-10	-10	-120	-120
1951	11	2	-16.11	65.826	13.734	157.508	171.186	662.463	0.384	0.068	-10	-10	-120	-120
1951	11	3	-6.575	67.676	16.406	107.184	228.211	673.09	2.039	0.071	-10	-10	-120	-120
1951	11	4	-3.637	65.198	15.089	89.576	248.01	676.257	10.756	0.074	-10	-10	-120	-120
1951	11	5	-9.542	63.512	9.525	102.224	217.586	669.92	9.86	0.076	-10	-10	-120	-120
1951	11	6	-10.605	62.779	7.407	109.82	209.401	668.679	3.269	0.079	-10	-10	-120	-120
1951	11	7	-4.008	60.798	9.977	145.278	211.743	675.735	0.296	0.081	-10	-10	-120	-120
1951	11	8	-0.828	63.425	10.002	129.535	232.319	679.157	0	0.084	-10	-10	-120	-120
1951	11	9	-1.858	64.044	9.278	128.865	227.608	678.092	0	0.086	-10	-10	-120	-120
1951	11	10	-1.754	63.016	10.008	135.034	223.243	678.162	0	0.088	-10	-10	-120	-120
1951	11	11	-1.685	66.279	14.193	89.177	251.757	678.286	3.027	0.091	-10	-10	-120	-120
1951	11	12	-4.449	68.463	16.2	79.62	245.845	675.41	15.062	0.093	-10	-10	-120	-120
1951	11	13	-8.592	73.791	15.029	68.816	235.995	670.993	9.781	0.094	-10	-10	-120	-120
1951	11	14	-10.078	72.828	12.105	66.117	231.407	669.376	9.07	0.096	-10	-10	-120	-120
1951	11	15	-13.098	67.964	6.489	80.05	211.373	666.03	3.939	0.098	-10	-10	-120	-120
1951	11	16	-17.635	66.887	6.394	86.604	191.904	660.891	0.54	0.099	-10	-10	-120	-120
1951	11	17	-14.91	59.408	7.737	131.35	173.432	663.807	0.02	0.101	-10	-10	-120	-120
1951	11	18	-8.505	58.79	10.076	128.171	194.479	670.945	0	0.102	-10	-10	-120	-120
1951	11	19	-4.385	62.436	11.536	124.885	211.001	675.37	0	0.104	-10	-10	-120	-120
1951	11	20	-2.064	68.901	13.311	74.826	254.198	677.904	3.526	0.105	-10	-10	-120	-120
1951	11	21	-5.107	72.772	10.314	55.387	254.663	674.727	14.714	0.106	-10	-10	-120	-120
1951	11	22	-9.89	70.288	7.321	75.929	221.694	669.564	6.169	0.107	-10	-10	-120	-120
1951	11	23	-9.928	63.066	2.78	114.327	194.442	669.483	0.591	0.108	-10	-10	-120	-120
1951	11	24	-9.756	61.715	6.253	119.172	191.26	669.61	0	0.109	-10	-10	-120	-120
1951	11	25	-7.45	67.861	11.659	103.225	209.901	672.193	0	0.111	-10	-10	-120	-120
1951	11	26	-5.486	66.675	10.775	105.633	214.507	674.282	0	0.112	-10	-10	-120	-120
1951	11	27	-5.326	69.001	9.831	99.588	219.089	674.466	0	0.112	-10	-10	-120	-120
1951	11	28	-3.77	68.636	12.173	103.151	221.842	676.095	0	0.113	-10	-10	-120	-120
1951	11	29	-1.631	67.724	10.78	102.028	230.28	678.329	0	0.114	-10	-10	-120	-120
1951	11	30	-0.921	68.327	11.862	100.364	233.951	679.067	0	0.115	-10	-10	-120	-120
1951	12	1	-1.492	69.827	12.435	66.101	257.572	678.501	0.525	0.116	-10	-10	-120	-120
1951	12	2	-4.745	66.541	13.861	71.188	239.527	675.085	3.444	0.116	-10	-10	-120	-120
1951	12	3	-10.182	69.16	14.026	72.071	218.233	669.24	1.155	0.117	-10	-10	-120	-120
1951	12	4	-10.343	74.065	12.593	63.681	223.748	669.075	1.925	0.117	-10	-10	-120	-120
1951	12	5	-8.918	70.045	9.741	62.462	229.265	670.629	7.209	0.118	-10	-10	-120	-120
1951	12	6	-13.25	70.215	12.772	61.979	213.655	665.87	1.605	0.119	-10	-10	-120	-120
1951	12	7	-17.165	65.874	8.513	72.025	192.99	661.43	0.333	0.119	-10	-10	-120	-120
1951	12	8	-19.578	58.974	2.611	107.759	160.568	658.57	0.035	0.119	-10	-10	-120	-120
1951	12	9	-18.882	61.917	10.728	107.178	162.94	659.358	0	0.12	-10	-10	-120	-120
1951	12	10	-14.619	69.647	14.777	96.001	183.266	664.303	0	0.12	-10	-10	-120	-120
1951	12	11	-9.361	68.291	15.561	101.579	196.138	670.08	0	0.12	-10	-10	-120	-120
1951	12	12	-6.287	70.065	12.455	79.953	223.571	673.463	0	0.12	-10	-10	-120	-120
1951	12	13	-9.597	66.602	5.002	66.239	221.708	669.872	1.067	0.121	-10	-10	-120	-120
1951	12	14	-16.443	65.357	6.385	77.836	189.88	662.184	4.694	0.121	-10	-10	-120	-120
1951	12	15	-13.298	74.108	12.08	64.07	210.544	665.798	9.705	0.121	-10	-10	-120	-120
1951	12	16	-10.739	77.57	12.799	40.362	237.691	668.663	31.035	0.121	-10	-10	-120	-120
1951	12	17	-11.816	77.516	14.191	51.352	225.2	667.47	13.637	0.121	-10	-10	-120	-120
1951	12	18	-10.544	71.984	14.378	65.148	218.952	668.848	3.056	0.121	-10	-10	-120	-120
1951	12	19	-12.606	71.524	8.21	52.552	221.104	666.576	7.289	0.121	-10	-10	-120	-120
1951	12	20	-19.105	65.036	7.879	78.087	180.998	659.116	4.646	0.121	-10	-10	-120	-120
1951	12	21	-16.585	79.916	16.96	50.811	208.772	662.121	10.101	0.121	-10	-10	-120	-120
1951	12	22	-11.762	71.962	18.378	65.905	213.953	667.504	12.971	0.121	-10	-10	-120	-120
1951	12	23	-11.253	76.36	7.809	60.815	219.981	668.079	7.117	0.121	-10	-10	-120	-120
1951	12	24	-8.88	70.565	7.734	63.883	225.905	670.668	19.636	0.121	-10	-10	-120	-120
1951	12	25	-11.841	69.18	7.185	68.57	211.596	667.421	3.149	0.121	-10	-10	-120	-120
1951	12	26	-11.847	72.771	7.011	75.245	207.312	667.366	0.704	0.121	-10	-10	-120	-120
1951	12	27	-6.407	75.948	13.713	59.653	239.575	673.335	0.319	0.121	-10	-10	-120	-120
1951	12	28	-5.202	77.416	15.217	49.96	252.233	674.63	12.781	0.121	-10	-10	-120	-120
1951	12	29	-6.843	79.579	13.388	39.012	254.413	672.888	53.919	0.12	-10	-10	-120	-120
1951	12	30	-9.662	78.891	8.277	43.184	240.118	669.842	39.87	0.12	-10	-10	-120	-120
1951	12	31	-12.717	69.296	6.893	66.736	210.86	666.451	28.844	0.12	-10	-10	-120	-120
