YEAR MON DAY    1      2      3      4      5      6      7      8      9     10     11     12     13
1951  1   1  -3.95  -3.95  -3.94  -3.93  -3.93  -3.92  -3.92  -3.91  -3.91  -3.91  -3.91  -3.91
1951  1   2  -3.95  -3.95  -3.94  -3.93  -3.93  -3.92  -3.92  -3.91  -3.91  -3.91  -3.91  -3.91
1951  1   3  -3.96  -3.95  -3.94  -3.93  -3.93  -3.92  -3.92  -3.91  -3.91  -3.91  -3.91  -3.91
1951  1   4  -3.96  -3.95  -3.94  -3.93  -3.93  -3.92  -3.92  -3.92  -3.91  -3.91  -3.91  -3.91
1951  1   5  -3.96  -3.95  -3.94  -3.94  -3.93  -3.92  -3.92  -3.92  -3.91  -3.91  -3.91  -3.91
1951  1   6  -3.96  -3.95  -3.94  -3.94  -3.93  -3.93  -3.92  -3.92  -3.91  -3.91  -3.91  -3.91
1951  1   7  -3.96  -3.95  -3.94  -3.94  -3.93  -3.93  -3.92  -3.92  -3.92  -3.91  -3.91  -3.91
1951  1   8  -3.96  -3.95  -3.94  -3.94  -3.93  -3.93  -3.92  -3.92  -3.92  -3.91  -3.91  -3.91
1951  1   9  -3.96  -3.95  -3.95  -3.94  -3.93  -3.93  -3.92  -3.92  -3.92  -3.91  -3.91  -3.91
1951  1  10  -3.96  -3.95  -3.95  -3.94  -3.93  -3.93  -3.92  -3.92  -3.92  -3.92  -3.91  -3.91
1951  1  11  -3.96  -3.95  -3.95  -3.94  -3.93  -3.93  -3.93  -3.92  -3.92  -3.92  -3.92  -3.91
1951  1  12  -3.96  -3.96  -3.95  -3.94  -3.94  -3.93  -3.93  -3.92  -3.92  -3.92  -3.92  -3.92
1951  1  13  -3.97  -3.96  -3.95  -3.94  -3.94  -3.93  -3.93  -3.92  -3.92  -3.92  -3.92  -3.92
1951  1  14  -3.97  -3.96  -3.95  -3.94  -3.94  -3.93  -3.93  -3.92  -3.92  -3.92  -3.92  -3.92
1951  1  15  -3.97  -3.96  -3.95  -3.94  -3.94  -3.93  -3.93  -3.93  -3.92  -3.92  -3.92  -3.92
1951  1  16  -3.97  -3.96  -3.95  -3.95  -3.94  -3.93  -3.93  -3.93  -3.92  -3.92  -3.92  -3.92
1951  1  17  -3.97  -3.96  -3.95  -3.95  -3.94  -3.94  -3.93  -3.93  -3.92  -3.92  -3.92  -3.92
1951  1  18  -3.97  -3.96  -3.95  -3.95  -3.94  -3.94  -3.93  -3.93  -3.93  -3.92  -3.92  -3.92
1951  1  19  -3.97  -3.96  -3.95  -3.95  -3.94  -3.94  -3.93  -3.93  -3.93  -3.92  -3.92  -3.92
1951  1  20  -3.97  -3.96  -3.96  -3.95  -3.94  -3.94  -3.93  -3.93  -3.93  -3.92  -3.92  -3.92
1951  1  21  -3.97  -3.96  -3.96  -3.95  -3.94  -3.94  -3.93  -3.93  -3.93  -3.93  -3.92  -3.92
1951  1  22  -3.97  -3.96  -3.96  -3.95  -3.94  -3.94  -3.94  -3.93  -3.93  -3.93  -3.92  -3.92
1951  1  23  -3.97  -3.97  -3.96  -3.95  -3.95  -3.94  -3.94  -3.93  -3.93  -3.93  -3.93  -3.93
1951  1  24  -3.97  -3.97  -3.96  -3.95  -3.95  -3.94  -3.94  -3.93  -3.93  -3.93  -3.93  -3.93
1951  1  25  -3.98  -3.97  -3.96  -3.95  -3.95  -3.94  -3.94  -3.93  -3.93  -3.93  -3.93  -3.93
1951  1  26  -3.98  -3.97  -3.96  -3.95  -3.95  -3.94  -3.94  -3.94  -3.93  -3.93  -3.93  -3.93
1951  1  27  -3.98  -3.97  -3.96  -3.96  -3.95  -3.94  -3.94  -3.94  -3.93  -3.93  -3.93  -3.93
1951  1  28  -3.98  -3.97  -3.96  -3.96  -3.95  -3.95  -3.94  -3.94  -3.93  -3.93  -3.93  -3.93
1951  1  29  -3.98  -3.97  -3.96  -3.96  -3.95  -3.95  -3.94  -3.94  -3.93  -3.93  -3.93  -3.93
1951  1  30  -3.98  -3.97  -3.96  -3.96  -3.95  -3.95  -3.94  -3.94  -3.94  -3.93  -3.93  -3.93
1951  1  31  -3.98  -3.97  -3.97  -3.96  -3.95  -3.95  -3.94  -3.94  -3.94  -3.93  -3.93  -3.93
1951  2  32  -3.98  -3.97  -3.97  -3.96  -3.95  -3.95  -3.94  -3.94  -3.94  -3.94  -3.93  -3.93
1951  2  33  -3.98  -3.97  -3.97  -3.96  -3.95  -3.95  -3.95  -3.94  -3.94  -3.94  -3.93  -3.93
1951  2  34  -3.98  -3.98  -3.97  -3.96  -3.96  -3.95  -3.95  -3.94  -3.94  -3.94  -3.94  -3.93
1951  2  35  -3.98  -3.98  -3.97  -3.96  -3.96  -3.95  -3.95  -3.94  -3.94  -3.94  -3.94  -3.94
1951  2  36  -3.99  -3.98  -3.97  -3.96  -3.96  -3.95  -3.95  -3.94  -3.94  -3.94  -3.94  -3.94
1951  2  37  -3.99  -3.98  -3.97  -3.96  -3.96  -3.95  -3.95  -3.94  -3.94  -3.94  -3.94  -3.94
1951  2  38  -3.99  -3.98  -3.97  -3.97  -3.96  -3.95  -3.95  -3.95  -3.94  -3.94  -3.94  -3.94
1951  2  39  -3.99  -3.98  -3.97  -3.97  -3.96  -3.95  -3.95  -3.95  -3.94  -3.94  -3.94  -3.94
1951  2  40  -3.99  -3.98  -3.97  -3.97  -3.96  -3.96  -3.95  -3.95  -3.94  -3.94  -3.94  -3.94
1951  2  41  -3.99  -3.98  -3.97  -3.97  -3.96  -3.96  -3.95  -3.95  -3.95  -3.94  -3.94  -3.94
1951  2  42  -3.99  -3.98  -3.98  -3.97  -3.96  -3.96  -3.95  -3.95  -3.95  -3.94  -3.94  -3.94
1951  2  43  -3.99  -3.98  -3.98  -3.97  -3.96  -3.96  -3.95  -3.95  -3.95  -3.95  -3.94  -3.94
1951  2  44  -3.99  -3.98  -3.98  -3.97  -3.96  -3.96  -3.95  -3.95  -3.95  -3.95  -3.94  -3.94
1951  2  45  -3.99  -3.99  -3.98  -3.97  -3.97  -3.96  -3.96  -3.95  -3.95  -3.95  -3.95  -3.94
1951  2  46  -3.99  -3.99  -3.98  -3.97  -3.97  -3.96  -3.96  -3.95  -3.95  -3.95  -3.95  -3.95
1951  2  47  -4.00  -3.99  -3.98  -3.97  -3.97  -3.96  -3.96  -3.95  -3.95  -3.95  -3.95  -3.95
1951  2  48  -4.00  -3.99  -3.98  -3.97  -3.97  -3.96  -3.96  -3.95  -3.95  -3.95  -3.95  -3.95
1951  2  49  -4.00  -3.99  -3.98  -3.97  -3.97  -3.96  -3.96  -3.96  -3.95  -3.95  -3.95  -3.95
1951  2  50  -4.00  -3.99  -3.98  -3.98  -3.97  -3.96  -3.96  -3.96  -3.95  -3.95  -3.95  -3.95
1951  2  51  -4.00  -3.99  -3.98  -3.98  -3.97  -3.97  -3.96  -3.96  -3.95  -3.95  -3.95  -3.95
1951  2  52  -4.00  -3.99  -3.98  -3.98  -3.97  -3.97  -3.96  -3.96  -3.96  -3.95  -3.95  -3.95
1951  2  53  -4.00  -3.99  -3.99  -3.98  -3.97  -3.97  -3.96  -3.96  -3.96  -3.95  -3.95  -3.95
1951  2  54  -4.00  -3.99  -3.99  -3.98  -3.97  -3.97  -3.96  -3.96  -3.96  -3.95  -3.95  -3.95
1951  2  55  -4.00  -3.99  -3.99  -3.98  -3.97  -3.97  -3.96  -3.96  -3.96  -3.96  -3.95  -3.95
1951  2  56  -4.00  -4.00  -3.99  -3.98  -3.98  -3.97  -3.97  -3.96  -3.96  -3.96  -3.96  -3.95
1951  2  57  -4.00  -4.00  -3.99  -3.98  -3.98  -3.97  -3.97  -3.96  -3.96  -3.96  -3.96  -3.96
1951  2  58  -4.01  -4.00  -3.99  -3.98  -3.98  -3.97  -3.97  -3.96  -3.96  -3.96  -3.96  -3.96
1951  2  59  -4.01  -4.00  -3.99  -3.98  -3.98  -3.97  -3.97  -3.96  -3.96  -3.96  -3.96  -3.96
1951  3  60  -4.01  -4.00  -3.99  -3.98  -3.98  -3.97  -3.97  -3.97  -3.96  -3.96  -3.96  -3.96
1951  3  61  -4.01  -4.00  -3.99  -3.99  -3.98  -3.97  -3.97  -3.97  -3.96  -3.96  -3.96  -3.96
1951  3  62  -4.01  -4.00  -3.99  -3.99  -3.98  -3.98  -3.97  -3.97  -3.96  -3.96  -3.96  -3.96
1951  3  63  -4.01  -4.00  -3.99  -3.99  -3.98  -3.98  -3.97  -3.97  -3.97  -3.96  -3.96  -3.96
1951  3  64  -4.01  -4.00  -3.99  -3.99  -3.98  -3.98  -3.97  -3.97  -3.97  -3.96  -3.96  -3.96
1951  3  65  -4.01  -4.00  -4.00  -3.99  -3.98  -3.98  -3.97  -3.97  -3.97  -3.96  -3.96  -3.96
1951  3  66  -4.01  -4.00  -4.00  -3.99  -3.98  -3.98  -3.97  -3.97  -3.97  -3.97  -3.96  -3.96
1951  3  67  -4.01  -4.01  -4.00  -3.99  -3.99  -3.98  -3.98  -3.97  -3.97  -3.97  -3.97  -3.96
1951  3  68  -4.01  -4.01  -4.00  -3.99  -3.99  -3.98  -3.98  -3.97  -3.97  -3.97  -3.97  -3.97
1951  3  69  -4.01  -4.01  -4.00  -3.99  -3.99  -3.98  -3.98  -3.97  -3.97  -3.97  -3.97  -3.97
1951  3  70  -4.02  -4.01  -4.00  -3.99  -3.99  -3.98  -3.98  -3.97  -3.97  -3.97  -3.97  -3.97
1951  3  71  -4.02  -4.01  -4.00  -3.99  -3.99  -3.98  -3.98  -3.98  -3.97  -3.97  -3.97  -3.97
1951  3  72  -4.02  -4.01  -4.00  -4.00  -3.99  -3.98  -3.98  -3.98  -3.97  -3.97  -3.97  -3.97
1951  3  73  -4.02  -4.01  -4.00  -4.00  -3.99  -3.99  -3.98  -3.98  -3.97  -3.97  -3.97  -3.97
1951  3  74  -4.02  -4.01  -4.00  -4.00  -3.99  -3.99  -3.98  -3.98  -3.97  -3.97  -3.97  -3.97
1951  3  75  -4.02  -4.01  -4.00  -4.00  -3.99  -3.99  -3.98  -3.98  -3.98  -3.97  -3.97  -3.97
1951  3  76  -4.02  -4.01  -4.01  -4.00  -3.99  -3.99  -3.98  -3.98  -3.98  -3.97  -3.97  -3.97
1951  3  77  -4.02  -4.01  -4.01  -4.00  -3.99  -3.99  -3.98  -3.98  -3.98  -3.98  -3.97  -3.97
1951  3  78  -4.02  -4.01  -4.01  -4.00  -3.99  -3.99  -3.99  -3.98  -3.98  -3.98  -3.97  -3.97
1951  3  79  -4.02  -4.02  -4.01  -4.00  -4.00  -3.99  -3.99  -3.98  -3.98  -3.98  -3.98  -3.97
1951  3  80  -4.02  -4.02  -4.01  -4.00  -4.00  -3.99  -3.99  -3.98  -3.98  -3.98  -3.98  -3.98
1951  3  81  -4.03  -4.02  -4.01  -4.00  -4.00  -3.99  -3.99  -3.98  -3.98  -3.98  -3.98  -3.98
1951  3  82  -4.03  -4.02  -4.01  -4.00  -4.00  -3.99  -3.99  -3.98  -3.98  -3.98  -3.98  -3.98
1951  3  83  -4.03  -4.02  -4.01  -4.01  -4.00  -3.99  -3.99  -3.99  -3.98  -3.98  -3.98  -3.98
1951  3  84  -4.03  -4.02  -4.01  -4.01  -4.00  -3.99  -3.99  -3.99  -3.98  -3.98  -3.98  -3.98
1951  3  85  -4.03  -4.02  -4.01  -4.01  -4.00  -4.00  -3.99  -3.99  -3.98  -3.98  -3.98  -3.98
1951  3  86  -4.03  -4.02  -4.01  -4.01  -4.00  -4.00  -3.99  -3.99  -3.99  -3.98  -3.98  -3.98
1951  3  87  -4.03  -4.02  -4.02  -4.01  -4.00  -4.00  -3.99  -3.99  -3.99  -3.98  -3.98  -3.98
1951  3  88  -4.03  -4.02  -4.02  -4.01  -4.00  -4.00  -3.99  -3.99  -3.99  -3.99  -3.98  -3.98
1951  3  89  -4.03  -4.02  -4.02  -4.01  -4.00  -4.00  -3.99  -3.99  -3.99  -3.99  -3.98  -3.98
1951  3  90  -4.03  -4.03  -4.02  -4.01  -4.01  -4.00  -4.00  -3.99  -3.99  -3.99  -3.99  -3.98
1951  4  91  -4.03  -4.03  -4.02  -4.01  -4.01  -4.00  -4.00  -3.99  -3.99  -3.99  -3.99  -3.99
1951  4  92  -4.04  -4.03  -4.02  -4.01  -4.01  -4.00  -4.00  -3.99  -3.99  -3.99  -3.99  -3.99
1951  4  93  -4.04  -4.03  -4.02  -4.01  -4.01  -4.00  -4.00  -3.99  -3.99  -3.99  -3.99  -3.99
1951  4  94  -4.04  -4.03  -4.02  -4.01  -4.01  -4.00  -4.00  -4.00  -3.99  -3.99  -3.99  -3.99
1951  4  95  -4.04  -4.03  -4.02  -4.02  -4.01  -4.00  -4.00  -4.00  -3.99  -3.99  -3.99  -3.99
1951  4  96  -4.04  -4.03  -4.02  -4.02  -4.01  -4.01  -4.00  -4.00  -3.99  -3.99  -3.99  -3.99
1951  4  97  -4.04  -4.03  -4.02  -4.02  -4.01  -4.01  -4.00  -4.00  -4.00  -3.99  -3.99  -3.99
1951  4  98  -4.04  -4.03  -4.02  -4.02  -4.01  -4.01  -4.00  -4.00  -4.00  -3.99  -3.99  -3.99
1951  4  99  -4.04  -4.03  -4.03  -4.02  -4.01  -4.01  -4.00  -4.00  -4.00  -3.99  -3.99  -3.99
1951  4 100  -4.04  -4.03  -4.03  -4.02  -4.01  -4.01  -4.00  -4.00  -4.00  -4.00  -3.99  -3.99
1951  4 101  -4.04  -4.03  -4.03  -4.02  -4.01  -4.01  -4.01  -4.00  -4.00  -4.00  -4.00  -3.99
1951  4 102  -4.04  -4.04  -4.03  -4.02  -4.02  -4.01  -4.01  -4.00  -4.00  -4.00  -4.00  -4.00
1951  4 103  -4.04  -4.04  -4.03  -4.02  -4.02  -4.01  -4.01  -4.00  -4.00  -4.00  -4.00  -4.00
1951  4 104  -4.05  -4.04  -4.03  -4.02  -4.02  -4.01  -4.01  -4.00  -4.00  -4.00  -4.00  -4.00
1951  4 105  -4.05  -4.04  -4.03  -4.02  -4.02  -4.01  -4.01  -4.01  -4.00  -4.00  -4.00  -4.00
1951  4 106  -4.05  -4.04  -4.03  -4.03  -4.02  -4.01  -4.01  -4.01  -4.00  -4.00  -4.00  -4.00
1951  4 107  -4.05  -4.04  -4.03  -4.03  -4.02  -4.02  -4.01  -4.01  -4.00  -4.00  -4.00  -4.00
1951  4 108  -4.05  -4.04  -4.03  -4.03  -4.02  -4.02  -4.01  -4.01  -4.00  -4.00  -4.00  -4.00
1951  4 109  -4.05  -4.04  -4.03  -4.03  -4.02  -4.02  -4.01  -4.01  -4.01  -4.00  -4.00  -4.00
1951  4 110  -4.05  -4.04  -4.04  -4.03  -4.02  -4.02  -4.01  -4.01  -4.01  -4.00  -4.00  -4.00
1951  4 111  -4.05  -4.04  -4.04  -4.03  -4.02  -4.02  -4.01  -4.01  -4.01  -4.01  -4.00  -4.00
1951  4 112  -4.05  -4.04  -4.04  -4.03  -4.02  -4.02  -4.02  -4.01  -4.01  -4.01  -4.00  -4.00
1951  4 113  -4.14  -4.07  -4.05  -4.03  -4.03  -4.02  -4.02  -4.01  -4.01  -4.01  -4.01  -4.00
1951  4 114  -4.11  -4.08  -4.06  -4.04  -4.03  -4.02  -4.02  -4.01  -4.01  -4.01  -4.01  -4.01
1951  4 115  -4.10  -4.08  -4.06  -4.05  -4.03  -4.03  -4.02  -4.01  -4.01  -4.01  -4.01  -4.01
1951  4 116  -4.09  -4.08  -4.06  -4.05  -4.04  -4.03  -4.02  -4.02  -4.01  -4.01  -4.01  -4.01
1951  4 117  -4.09  -4.08  -4.06  -4.05  -4.04  -4.03  -4.02  -4.02  -4.01  -4.01  -4.01  -4.01
1951  4 118  -4.09  -4.08  -4.06  -4.05  -4.04  -4.03  -4.03  -4.02  -4.02  -4.01  -4.01  -4.01
1951  4 119  -4.11  -4.09  -4.07  -4.06  -4.04  -4.04  -4.03  -4.02  -4.02  -4.01  -4.01  -4.01
1951  4 120  -4.10  -4.09  -4.07  -4.06  -4.05  -4.04  -4.03  -4.02  -4.02  -4.02  -4.01  -4.01
1951  5 121  -4.10  -4.09  -4.07  -4.06  -4.05  -4.04  -4.03  -4.03  -4.02  -4.02  -4.01  -4.01
1951  5 122  -4.10  -4.08  -4.07  -4.06  -4.05  -4.04  -4.03  -4.03  -4.02  -4.02  -4.02  -4.01
1951  5 123  -4.09  -4.08  -4.07  -4.06  -4.05  -4.04  -4.04  -4.03  -4.02  -4.02  -4.02  -4.02
1951  5 124  -4.10  -4.09  -4.07  -4.06  -4.05  -4.04  -4.04  -4.03  -4.03  -4.02  -4.02  -4.02
1951  5 125  -4.14  -4.10  -4.08  -4.07  -4.05  -4.05  -4.04  -4.03  -4.03  -4.02  -4.02  -4.02
1951  5 126  -4.13  -4.11  -4.09  -4.07  -4.06  -4.05  -4.04  -4.03  -4.03  -4.02  -4.02  -4.02
1951  5 127  -4.12  -4.10  -4.09  -4.07  -4.06  -4.05  -4.04  -4.04  -4.03  -4.03  -4.02  -4.02
1951  5 128  -4.11  -4.10  -4.09  -4.08  -4.06  -4.05  -4.04  -4.04  -4.03  -4.03  -4.03  -4.02
1951  5 129  -4.11  -4.10  -4.09  -4.08  -4.07  -4.05  -4.05  -4.04  -4.03  -4.03  -4.03  -4.03
1951  5 130  -4.13  -4.11  -4.09  -4.08  -4.07  -4.06  -4.05  -4.04  -4.04  -4.03  -4.03  -4.03
1951  5 131  -4.23  -4.14  -4.10  -4.08  -4.07  -4.06  -4.05  -4.04  -4.04  -4.03  -4.03  -4.03
1951  5 132  -4.34  -4.21  -4.14  -4.10  -4.07  -4.06  -4.05  -4.04  -4.04  -4.03  -4.03  -4.03
1951  5 133  -4.34  -4.25  -4.17  -4.12  -4.09  -4.07  -4.06  -4.05  -4.04  -4.04  -4.03  -4.03
1951  5 134  -4.32  -4.25  -4.19  -4.14  -4.10  -4.08  -4.06  -4.05  -4.04  -4.04  -4.04  -4.03
1951  5 135  -4.41  -4.28  -4.21  -4.16  -4.12  -4.09  -4.07  -4.06  -4.05  -4.04  -4.04  -4.04
1951  5 136  -5.22  -4.54  -4.29  -4.19  -4.13  -4.10  -4.08  -4.06  -4.05  -4.04  -4.04  -4.04
1951  5 137  -5.69  -4.98  -4.53  -4.30  -4.18  -4.12  -4.09  -4.07  -4.06  -4.05  -4.04  -4.04  -2.10
1951  5 138  -5.60  -5.15  -4.74  -4.44  -4.26  -4.16  -4.11  -4.08  -4.06  -4.05  -4.05  -4.04  -4.04
1951  5 139  -5.50  -5.16  -4.83  -4.56  -4.35  -4.22  -4.14  -4.10  -4.07  -4.06  -4.05  -4.05  -4.04
1951  5 140  -5.64  -5.22  -4.89  -4.63  -4.43  -4.28  -4.19  -4.13  -4.09  -4.07  -4.06  -4.05  -4.05
1951  5 141  -5.91  -5.36  -4.99  -4.71  -4.50  -4.34  -4.23  -4.16  -4.11  -4.08  -4.06  -4.05  -4.05
1951  5 142  -6.15  -5.57  -5.12  -4.80  -4.57  -4.40  -4.27  -4.19  -4.13  -4.10  -4.07  -4.06  -4.06
1951  5 143  -6.25  -5.70  -5.25  -4.91  -4.65  -4.46  -4.32  -4.22  -4.16  -4.11  -4.09  -4.07  -4.06
1951  5 144  -6.46  -5.84  -5.37  -5.01  -4.73  -4.52  -4.37  -4.26  -4.19  -4.13  -4.10  -4.08  -4.08
1951  5 145  -6.73  -6.03  -5.51  -5.12  -4.82  -4.59  -4.42  -4.30  -4.22  -4.15  -4.10  -4.10  -4.10
1951  5 146  -6.88  -6.20  -5.66  -5.23  -4.91  -4.66  -4.48  -4.34  -4.23  -4.14  -4.14  -4.14  -4.14
1951  5 147  -7.05  -6.35  -5.80  -5.35  -5.01  -4.74  -4.52  -4.31  -4.20  -4.20  -4.20  -4.20  -4.20
1951  5 148  -7.25  -6.52  -5.93  -5.47  -5.08  -4.69  -4.39  -4.31  -4.31  -4.31  -4.31  -4.31  -4.31
1951  5 149  -7.28  -6.51  -5.93  -5.35  -4.78  -4.59  -4.59  -4.59  -4.58  -4.58  -4.58  -4.58  -4.58
1951  5 150  -5.39  -5.34  -5.34  -5.34  -5.34  -5.34  -5.34  -5.34  -5.34  -5.34  -5.34  -5.34  -5.34
1951  5 151  -5.71  -5.63  -5.63  -5.63  -5.63  -5.63  -5.63  -5.63  -5.63  -5.63  -5.63  -5.63  -5.63
1951  6 152  -5.80  -5.79  -5.79  -5.79  -5.79  -5.79  -5.79  -5.79  -5.79  -5.79  -5.79  -5.79  -5.79
1951  6 153  -5.88  -5.86  -5.86  -5.86  -5.86  -5.85  -5.84  -5.83  -5.83  -5.83  -5.83  -5.83  -5.83
1951  6 154  -6.26  -6.00  -5.92  -5.90  -5.89  -5.88  -5.86  -5.84  -5.84  -5.83  -5.83  -5.83  -5.83
1951  6 155  -6.58  -6.21  -6.02  -5.94  -5.90  -5.88  -5.86  -5.85  -5.84  -5.83  -5.83  -5.83  -5.83
1951  6 156  -6.29  -6.18  -6.13  -6.10  -6.08  -6.08  -6.07  -6.00  -5.92  -5.85  -5.84  -5.84  -5.84
1951  6 157  -6.19  -6.17  -6.17  -6.17  -6.17  -6.16  -6.12  -6.06  -5.98  -5.97  -5.97  -5.97  -5.97
1951  6 158  -6.16  -6.14  -6.14  -6.14  -6.14  -6.14  -6.14  -6.14  -6.14  -6.14  -6.14  -6.14  -6.14
1951  6 159  -6.23  -6.21  -6.21  -6.21  -6.21  -6.21  -6.21  -6.21  -6.21  -6.21  -6.21  -6.21  -6.21
1951  6 160  -6.30  -6.28  -6.28  -6.28  -6.28  -6.28  -6.28  -6.28  -6.28  -6.28  -6.28  -6.28  -6.28
1951  6 161  -6.45  -6.40  -6.40  -6.40  -6.40  -6.40  -6.40  -6.40  -6.40  -6.40  -6.40  -6.40  -6.40
1951  6 162  -6.56  -6.54  -6.54  -6.54  -6.54  -6.54  -6.54  -6.54  -6.54  -6.54  -6.54  -6.54  -6.54
1951  6 163  -6.63  -6.61  -6.61  -6.61  -6.61  -6.61  -6.61  -6.61  -6.61  -6.61  -6.61  -6.61  -6.61
1951  6 164  -6.75  -6.72  -6.72  -6.72  -6.72  -6.72  -6.72  -6.72  -6.72  -6.72  -6.72  -6.72  -6.72
1951  6 165  -6.91  -6.84  -6.83  -6.83  -6.83  -6.83  -6.83  -6.83  -6.83  -6.83  -6.83  -6.83  -6.83
1951  6 166  -7.63  -7.32  -6.94  -6.87  -6.87  -6.87  -6.87  -6.87  -6.87  -6.87  -6.87  -6.87  -6.87
1951  6 167  -7.44  -7.40  -7.27  -7.05  -7.05  -7.05  -7.05  -7.05  -7.05  -7.05  -7.05  -7.05  -7.05
1951  6 168  -7.33  -7.29  -7.29  -7.29  -7.29  -7.29  -7.29  -7.29  -7.29  -7.29  -7.29  -7.29  -7.29
1951  6 169  -7.45  -7.42  -7.42  -7.42  -7.42  -7.42  -7.42  -7.42  -7.42  -7.42  -7.42  -7.42  -7.42
1951  6 170  -7.57  -7.54  -7.54  -7.54  -7.54  -7.54  -7.54  -7.54  -7.54  -7.54  -7.54  -7.54  -7.54
1951  6 171  -7.67  -7.65  -7.65  -7.65  -7.65  -7.65  -7.65  -7.65  -7.65  -7.65  -7.65  -7.65  -7.65
1951  6 172  -7.79  -7.75  -7.75  -7.75  -7.75  -7.75  -7.75  -7.75  -7.75  -7.75  -7.75  -7.75  -7.75
1951  6 173  -7.85  -7.84  -7.84  -7.84  -7.84  -7.84  -7.84  -7.84  -7.84  -7.84  -7.84  -7.84  -7.84
1951  6 174  -7.90  -7.89  -7.89  -7.89  -7.89  -7.89  -7.89  -7.89  -7.89  -7.89  -7.89  -7.89  -7.89
1951  6 175  -7.93  -7.92  -7.92  -7.92  -7.92  -7.92  -7.92  -7.92  -7.92  -7.92  -7.92  -7.92  -7.92
1951  6 176  -8.00  -7.98  -7.98  -7.98  -7.98  -7.98  -7.98  -7.98  -7.98  -7.98  -7.98  -7.98  -7.98
1951  6 177  -8.09  -8.06  -8.06  -8.06  -8.06  -8.06  -8.06  -8.06  -8.06  -8.06  -8.06  -8.06  -8.06
1951  6 178  -8.16  -8.14  -8.14  -8.14  -8.14  -8.14  -8.14  -8.14  -8.14  -8.14  -8.14  -8.14  -8.14
1951  6 179  -8.21  -8.20  -8.20  -8.20  -8.20  -8.20  -8.20  -8.20  -8.20  -8.20  -8.20  -8.20  -8.20
1951  6 180  -8.23  -8.23  -8.23  -8.23  -8.23  -8.23  -8.23  -8.23  -8.23  -8.23  -8.23  -8.23  -8.23
1951  6 181  -8.27  -8.26  -8.26  -8.26  -8.26  -8.26  -8.26  -8.26  -8.26  -8.26  -8.26  -8.26  -8.26
1951  7 182  -8.47  -8.31  -8.29  -8.29  -8.29  -8.29  -8.29  -8.29  -8.29  -8.29  -8.29  -8.29  -8.29
1951  7 183  -8.57  -8.41  -8.36  -8.36  -8.36  -8.36  -8.36  -8.36  -8.36  -8.36  -8.36  -8.36  -8.36
1951  7 184  -8.48  -8.46  -8.46  -8.46  -8.46  -8.46  -8.46  -8.46  -8.46  -8.46  -8.46  -8.46  -8.46
1951  7 185  -8.53  -8.52  -8.52  -8.52  -8.52  -8.52  -8.52  -8.52  -8.52  -8.52  -8.52  -8.52  -8.52
1951  7 186  -8.60  -8.59  -8.59  -8.59  -8.59  -8.59  -8.59  -8.59  -8.59  -8.59  -8.59  -8.59  -8.59
1951  7 187  -8.65  -8.64  -8.64  -8.64  -8.64  -8.64  -8.64  -8.64  -8.64  -8.64  -8.64  -8.64  -8.64
1951  7 188  -8.68  -8.67  -8.67  -8.67  -8.67  -8.67  -8.67  -8.67  -8.67  -8.67  -8.67  -8.67  -8.67
1951  7 189  -8.70  -8.69  -8.69  -8.69  -8.69  -8.69  -8.69  -8.69  -8.69  -8.69  -8.69  -8.69  -8.69
1951  7 190  -8.72  -8.72  -8.72  -8.72  -8.72  -8.72  -8.72  -8.72  -8.72  -8.72  -8.72  -8.72  -8.72
1951  7 191  -8.71  -8.71  -8.71  -8.71  -8.71  -8.71  -8.71  -8.71  -8.71  -8.71  -8.71  -8.71  -8.71
1951  7 192  -8.73  -8.72  -8.72  -8.72  -8.72  -8.72  -8.72  -8.72  -8.72  -8.72  -8.72  -8.72  -8.72
1951  7 193  -8.76  -8.75  -8.75  -8.75  -8.75  -8.75  -8.75  -8.75  -8.75  -8.75  -8.75  -8.75  -8.75
1951  7 194  -8.96  -8.80  -8.77  -8.77  -8.77  -8.77  -8.77  -8.77  -8.77  -8.77  -8.77  -8.77  -8.77
1951  7 195  -8.96  -8.87  -8.78  -8.78  -8.78  -8.78  -8.78  -8.78  -8.78  -8.78  -8.78  -8.78  -8.78
1951  7 196  -8.83  -8.82  -8.79  -8.79  -8.79  -8.79  -8.79  -8.79  -8.79  -8.79  -8.79  -8.79  -8.79
1951  7 197  -8.78  -8.78  -8.78  -8.78  -8.78  -8.78  -8.78  -8.78  -8.78  -8.78  -8.78  -8.78  -8.78
1951  7 198  -8.80  -8.79  -8.78  -8.78  -8.78  -8.78  -8.78  -8.78  -8.78  -8.78  -8.78  -8.78  -8.78
1951  7 199  -8.76  -8.77  -8.77  -8.77  -8.77  -8.77  -8.77  -8.77  -8.77  -8.77  -8.77  -8.77  -8.77
1951  7 200  -8.72  -8.73  -8.73  -8.73  -8.73  -8.73  -8.73  -8.73  -8.73  -8.73  -8.73  -8.73  -8.73
1951  7 201  -8.68  -8.69  -8.69  -8.69  -8.69  -8.69  -8.69  -8.69  -8.69  -8.69  -8.69  -8.69  -8.69
1951  7 202  -8.65  -8.66  -8.66  -8.66  -8.66  -8.66  -8.66  -8.66  -8.66  -8.66  -8.66  -8.66  -8.66
1951  7 203  -8.63  -8.63  -8.63  -8.63  -8.63  -8.63  -8.63  -8.63  -8.63  -8.63  -8.63  -8.63  -8.63
1951  7 204  -8.59  -8.60  -8.60  -8.60  -8.60  -8.60  -8.60  -8.60  -8.60  -8.60  -8.60  -8.60  -8.60
1951  7 205  -8.57  -8.58  -8.58  -8.58  -8.58  -8.58  -8.58  -8.58  -8.58  -8.58  -8.58  -8.58  -8.58
1951  7 206  -8.56  -8.56  -8.56  -8.56  -8.56  -8.56  -8.56  -8.56  -8.56  -8.56  -8.56  -8.56  -8.56
1951  7 207  -8.54  -8.55  -8.55  -8.55  -8.55  -8.55  -8.55  -8.55  -8.55  -8.55  -8.55  -8.55  -8.55
1951  7 208  -8.53  -8.53  -8.53  -8.53  -8.53  -8.53  -8.53  -8.53  -8.53  -8.53  -8.53  -8.53  -8.53
1951  7 209  -8.52  -8.52  -8.52  -8.52  -8.52  -8.52  -8.52  -8.52  -8.52  -8.52  -8.52  -8.52  -8.52
1951  7 210  -8.48  -8.49  -8.49  -8.49  -8.49  -8.49  -8.49  -8.49  -8.49  -8.49  -8.49  -8.49  -8.49
1951  7 211  -8.45  -8.46  -8.46  -8.46  -8.46  -8.46  -8.46  -8.46  -8.46  -8.46  -8.46  -8.46  -8.46
1951  7 212  -8.43  -8.43  -8.43  -8.43  -8.43  -8.43  -8.43  -8.43  -8.43  -8.43  -8.43  -8.43  -8.43
1951  8 213  -8.40  -8.41  -8.41  -8.41  -8.41  -8.41  -8.41  -8.41  -8.41  -8.41  -8.41  -8.41  -8.41
1951  8 214  -8.34  -8.36  -8.36  -8.36  -8.36  -8.36  -8.36  -8.36  -8.36  -8.36  -8.36  -8.36  -8.36
1951  8 215  -8.27  -8.29  -8.29  -8.29  -8.29  -8.29  -8.29  -8.29  -8.29  -8.29  -8.29  -8.29  -8.29
1951  8 216  -8.20  -8.22  -8.22  -8.22  -8.22  -8.22  -8.22  -8.22  -8.22  -8.22  -8.22  -8.22  -8.22
1951  8 217  -8.15  -8.16  -8.16  -8.16  -8.16  -8.16  -8.16  -8.16  -8.16  -8.16  -8.16  -8.16  -8.16
1951  8 218  -8.11  -8.12  -8.12  -8.12  -8.12  -8.12  -8.12  -8.12  -8.12  -8.12  -8.12  -8.12  -8.12
1951  8 219  -8.08  -8.09  -8.09  -8.09  -8.09  -8.09  -8.09  -8.09  -8.09  -8.09  -8.09  -8.09  -8.09
1951  8 220  -8.05  -8.06  -8.06  -8.06  -8.06  -8.06  -8.06  -8.06  -8.06  -8.06  -8.06  -8.06  -8.06
1951  8 221  -8.00  -8.02  -8.02  -8.02  -8.02  -8.02  -8.02  -8.02  -8.02  -8.02  -8.02  -8.02  -8.02
1951  8 222  -7.97  -7.98  -7.98  -7.98  -7.98  -7.98  -7.98  -7.98  -7.98  -7.98  -7.98  -7.98  -7.98
1951  8 223  -7.94  -7.95  -7.95  -7.95  -7.95  -7.95  -7.95  -7.95  -7.95  -7.95  -7.95  -7.95  -7.95
1951  8 224  -7.91  -7.92  -7.92  -7.92  -7.92  -7.92  -7.92  -7.92  -7.92  -7.92  -7.92  -7.92  -7.92
1951  8 225  -7.86  -7.87  -7.87  -7.87  -7.87  -7.87  -7.87  -7.87  -7.87  -7.87  -7.87  -7.87  -7.87
1951  8 226  -7.81  -7.82  -7.82  -7.82  -7.82  -7.82  -7.82  -7.82  -7.82  -7.82  -7.82  -7.82  -7.82
1951  8 227  -7.77  -7.78  -7.78  -7.78  -7.78  -7.78  -7.78  -7.78  -7.78  -7.78  -7.78  -7.78  -7.78
1951  8 228  -7.70  -7.72  -7.72  -7.72  -7.72  -7.72  -7.72  -7.72  -7.72  -7.72  -7.72  -7.72  -7.72
1951  8 229  -7.65  -7.68  -7.69  -7.69  -7.69  -7.69  -7.69  -7.69  -7.69  -7.69  -7.69  -7.69  -7.69
1951  8 230  -7.62  -7.65  -7.67  -7.67  -7.67  -7.67  -7.67  -7.67  -7.67  -7.67  -7.67  -7.67  -7.67
1951  8 231  -7.61  -7.63  -7.63  -7.63  -7.63  -7.63  -7.63  -7.63  -7.63  -7.63  -7.63  -7.63  -7.63
1951  8 232  -7.55  -7.56  -7.56  -7.56  -7.56  -7.56  -7.56  -7.56  -7.56  -7.56  -7.56  -7.56  -7.56
1951  8 233  -7.51  -7.52  -7.52  -7.52  -7.52  -7.52  -7.52  -7.52  -7.52  -7.52  -7.52  -7.52  -7.52
1951  8 234  -7.47  -7.48  -7.48  -7.48  -7.48  -7.48  -7.48  -7.48  -7.48  -7.48  -7.48  -7.48  -7.48
1951  8 235  -7.43  -7.44  -7.44  -7.44  -7.44  -7.44  -7.44  -7.44  -7.44  -7.44  -7.44  -7.44  -7.44
1951  8 236  -7.38  -7.39  -7.39  -7.39  -7.39  -7.39  -7.39  -7.39  -7.39  -7.39  -7.39  -7.39  -7.39
1951  8 237  -7.34  -7.35  -7.35  -7.35  -7.35  -7.35  -7.35  -7.35  -7.35  -7.35  -7.35  -7.35  -7.35
1951  8 238  -7.28  -7.30  -7.30  -7.30  -7.30  -7.30  -7.30  -7.30  -7.30  -7.30  -7.30  -7.30  -7.30
1951  8 239  -7.22  -7.23  -7.23  -7.23  -7.23  -7.23  -7.23  -7.23  -7.23  -7.23  -7.23  -7.23  -7.23
1951  8 240  -7.16  -7.18  -7.18  -7.18  -7.18  -7.18  -7.18  -7.18  -7.18  -7.18  -7.18  -7.18  -7.18
1951  8 241  -7.12  -7.13  -7.13  -7.13  -7.13  -7.13  -7.13  -7.13  -7.13  -7.13  -7.13  -7.13  -7.13
1951  8 242  -7.06  -7.08  -7.08  -7.08  -7.08  -7.08  -7.08  -7.08  -7.08  -7.08  -7.08  -7.08  -7.08
1951  8 243  -7.02  -7.03  -7.03  -7.03  -7.03  -7.03  -7.03  -7.03  -7.03  -7.03  -7.03  -7.03  -7.03
1951  9 244  -6.99  -6.99  -6.99  -6.99  -6.99  -6.99  -6.99  -6.99  -6.99  -6.99  -6.99  -6.99  -6.99
1951  9 245  -6.96  -6.97  -6.97  -6.97  -6.97  -6.97  -6.97  -6.97  -6.97  -6.97  -6.97  -6.97  -6.97
1951  9 246  -6.93  -6.93  -6.93  -6.93  -6.93  -6.93  -6.93  -6.93  -6.93  -6.93  -6.93  -6.93  -6.93
1951  9 247  -6.89  -6.90  -6.90  -6.90  -6.90  -6.90  -6.90  -6.90  -6.90  -6.90  -6.90  -6.90  -6.90
1951  9 248  -6.85  -6.86  -6.86  -6.86  -6.86  -6.86  -6.86  -6.86  -6.86  -6.86  -6.86  -6.86  -6.86
1951  9 249  -6.81  -6.82  -6.82  -6.82  -6.82  -6.82  -6.82  -6.82  -6.82  -6.82  -6.82  -6.82  -6.82
1951  9 250  -6.77  -6.78  -6.78  -6.78  -6.78  -6.78  -6.78  -6.78  -6.78  -6.78  -6.78  -6.78  -6.78
1951  9 251  -6.70  -6.72  -6.72  -6.72  -6.72  -6.72  -6.72  -6.72  -6.72  -6.72  -6.72  -6.72  -6.72
1951  9 252  -6.64  -6.65  -6.65  -6.65  -6.65  -6.65  -6.65  -6.65  -6.65  -6.65  -6.65  -6.65  -6.65
1951  9 253  -6.57  -6.59  -6.59  -6.59  -6.59  -6.59  -6.59  -6.59  -6.59  -6.59  -6.59  -6.59  -6.59
1951  9 254  -6.51  -6.53  -6.53  -6.53  -6.53  -6.53  -6.53  -6.53  -6.53  -6.53  -6.53  -6.53  -6.53
1951  9 255  -6.45  -6.46  -6.46  -6.46  -6.46  -6.46  -6.47  -6.47  -6.47  -6.48  -6.48  -6.48  -6.48
1951  9 256  -6.35  -6.38  -6.41  -6.43  -6.45  -6.45  -6.46  -6.46  -6.46  -6.46  -6.46  -6.46  -6.46
1951  9 257  -6.34  -6.36  -6.42  -6.43  -6.43  -6.43  -6.43  -6.43  -6.43  -6.43  -6.43  -6.43  -6.43
1951  9 258  -6.35  -6.36  -6.36  -6.36  -6.36  -6.36  -6.38  -6.39  -6.39  -6.39  -6.39  -6.39
1951  9 259  -6.31  -6.32  -6.32  -6.33  -6.34  -6.35  -6.35  -6.36  -6.36  -6.36  -6.36  -6.36
1951  9 260  -6.31  -6.33  -6.34  -6.34  -6.34  -6.34  -6.34  -6.34  -6.34  -6.34  -6.34  -6.34
1951  9 261  -6.30  -6.31  -6.31  -6.31  -6.31  -6.31  -6.31  -6.31  -6.31  -6.31  -6.31  -6.31
1951  9 262  -6.24  -6.26  -6.26  -6.26  -6.26  -6.26  -6.26  -6.26  -6.26  -6.26  -6.26  -6.26
1951  9 263  -6.19  -6.20  -6.20  -6.20  -6.20  -6.20  -6.20  -6.20  -6.20  -6.20  -6.20  -6.20
1951  9 264  -6.14  -6.14  -6.14  -6.14  -6.14  -6.14  -6.14  -6.15  -6.15  -6.16  -6.16  -6.16
1951  9 265  -6.07  -6.07  -6.08  -6.08  -6.09  -6.10  -6.11  -6.13  -6.14  -6.15  -6.15  -6.15
1951  9 266  -6.03  -6.03  -6.03  -6.05  -6.06  -6.09  -6.13  -6.13  -6.13  -6.13  -6.13  -6.13
1951  9 267  -6.03  -6.05  -6.05  -6.05  -6.05  -6.05  -6.05  -6.05  -6.05  -6.05  -6.05  -6.05
1951  9 268  -5.94  -5.97  -5.97  -5.97  -5.97  -5.97  -5.97  -5.97  -5.97  -5.97  -5.97  -5.97
1951  9 269  -5.87  -5.88  -5.88  -5.88  -5.88  -5.88  -5.88  -5.88  -5.88  -5.88  -5.88  -5.88
1951  9 270  -5.81  -5.82  -5.82  -5.82  -5.82  -5.82  -5.82  -5.83  -5.83  -5.83  -5.83  -5.83
1951  9 271  -5.76  -5.77  -5.77  -5.77  -5.77  -5.77  -5.77  -5.77  -5.77  -5.77  -5.77  -5.77
1951  9 272  -5.70  -5.71  -5.71  -5.71  -5.71  -5.71  -5.71  -5.71  -5.71  -5.71  -5.71  -5.71
1951  9 273  -5.64  -5.65  -5.65  -5.65  -5.65  -5.65  -5.65  -5.65  -5.65  -5.65  -5.65  -5.65
1951 10 274  -5.59  -5.60  -5.60  -5.60  -5.60  -5.60  -5.60  -5.60  -5.60  -5.60  -5.60  -5.60
1951 10 275  -5.63  -5.62  -5.62  -5.62  -5.62  -5.62  -5.62  -5.62  -5.62  -5.62  -5.62  -5.62
1951 10 276  -5.74  -5.73  -5.73  -5.73  -5.73  -5.72  -5.71  -5.70  -5.69  -5.68  -5.68  -5.68
1951 10 277  -5.80  -5.80  -5.80  -5.80  -5.79  -5.78  -5.77  -5.76  -5.74  -5.73  -5.72  -5.72
1951 10 278  -5.78  -5.78  -5.78  -5.78  -5.78  -5.78  -5.78  -5.78  -5.78  -5.78  -5.78  -5.78
1951 10 279  -5.78  -5.78  -5.78  -5.78  -5.78  -5.78  -5.78  -5.78  -5.78  -5.78  -5.78  -5.78
1951 10 280  -5.78  -5.78  -5.78  -5.78  -5.78  -5.78  -5.78  -5.78  -5.78  -5.78  -5.78  -5.78
1951 10 281  -5.79  -5.78  -5.78  -5.78  -5.78  -5.78  -5.78  -5.78  -5.78  -5.78  -5.78  -5.78
1951 10 282  -5.80  -5.79  -5.78  -5.78  -5.78  -5.78  -5.78  -5.78  -5.78  -5.78  -5.78  -5.78
1951 10 283  -5.84  -5.80  -5.79  -5.78  -5.78  -5.78  -5.78  -5.78  -5.78  -5.78  -5.78  -5.78
1951 10 284  -5.89  -5.83  -5.80  -5.79  -5.79  -5.79  -5.78  -5.78  -5.78  -5.78  -5.78  -5.78
1951 10 285  -5.78  -5.79  -5.79  -5.79  -5.79  -5.79  -5.79  -5.79  -5.79  -5.79  -5.79  -5.79
1951 10 286  -5.73  -5.74  -5.74  -5.74  -5.74  -5.74  -5.74  -5.74  -5.74  -5.74  -5.74  -5.74
1951 10 287  -5.68  -5.69  -5.69  -5.69  -5.69  -5.69  -5.69  -5.69  -5.69  -5.69  -5.69  -5.69
1951 10 288  -5.64  -5.65  -5.65  -5.65  -5.65  -5.65  -5.65  -5.65  -5.65  -5.65  -5.65  -5.65
1951 10 289  -5.62  -5.62  -5.62  -5.62  -5.62  -5.62  -5.62  -5.62  -5.62  -5.62  -5.62  -5.62
1951 10 290  -5.62  -5.62  -5.62  -5.62  -5.62  -5.62  -5.62  -5.62  -5.62  -5.62  -5.62  -5.62
1951 10 291  -5.63  -5.62  -5.62  -5.62  -5.62  -5.62  -5.62  -5.62  -5.62  -5.62  -5.62  -5.62
1951 10 292  -5.63  -5.62  -5.62  -5.62  -5.62  -5.62  -5.62  -5.62  -5.62  -5.62  -5.62  -5.62
1951 10 293  -5.63  -5.63  -5.62  -5.62  -5.62  -5.62  -5.62  -5.62  -5.62  -5.62  -5.62  -5.62
1951 10 294  -5.63  -5.63  -5.62  -5.62  -5.62  -5.62  -5.62  -5.62  -5.62  -5.62  -5.62  -5.62
1951 10 295  -5.64  -5.63  -5.63  -5.62  -5.62  -5.62  -5.62  -5.62  -5.62  -5.62  -5.62  -5.62
1951 10 296  -5.64  -5.63  -5.63  -5.62  -5.62  -5.62  -5.62  -5.62  -5.62  -5.62  -5.62  -5.62
1951 10 297  -5.64  -5.63  -5.63  -5.63  -5.62  -5.62  -5.62  -5.62  -5.62  -5.62  -5.62  -5.62
1951 10 298  -5.64  -5.63  -5.63  -5.63  -5.62  -5.62  -5.62  -5.62  -5.62  -5.62  -5.62  -5.62
1951 10 299  -5.66  -5.64  -5.63  -5.63  -5.62  -5.62  -5.62  -5.62  -5.62  -5.62  -5.62  -5.62
1951 10 300  -5.66  -5.65  -5.64  -5.63  -5.63  -5.62  -5.62  -5.62  -5.62  -5.62  -5.62  -5.62
1951 10 301  -5.66  -5.65  -5.64  -5.63  -5.63  -5.63  -5.62  -5.62  -5.62  -5.62  -5.62  -5.62
1951 10 302  -5.66  -5.65  -5.64  -5.64  -5.63  -5.63  -5.62  -5.62  -5.62  -5.62  -5.62  -5.62
1951 10 303  -5.66  -5.65  -5.64  -5.64  -5.63  -5.63  -5.62  -5.62  -5.62  -5.62  -5.62  -5.62
1951 10 304  -5.66  -5.65  -5.64  -5.64  -5.63  -5.63  -5.63  -5.62  -5.62  -5.62  -5.62  -5.62
1951 11 305  -5.66  -5.65  -5.65  -5.64  -5.63  -5.63  -5.63  -5.62  -5.62  -5.62  -5.62  -5.62
1951 11 306  -5.66  -5.65  -5.65  -5.64  -5.64  -5.63  -5.63  -5.63  -5.62  -5.62  -5.62  -5.62
1951 11 307  -5.66  -5.66  -5.65  -5.64  -5.64  -5.63  -5.63  -5.63  -5.62  -5.62  -5.62  -5.62
1951 11 308  -5.67  -5.66  -5.65  -5.64  -5.64  -5.63  -5.63  -5.63  -5.62  -5.62  -5.62  -5.62
1951 11 309  -5.67  -5.66  -5.65  -5.64  -5.64  -5.63  -5.63  -5.63  -5.63  -5.62  -5.62  -5.62
1951 11 310  -5.67  -5.66  -5.65  -5.65  -5.64  -5.64  -5.63  -5.63  -5.63  -5.62  -5.62  -5.62
1951 11 311  -5.67  -5.66  -5.65  -5.65  -5.64  -5.64  -5.63  -5.63  -5.63  -5.63  -5.62  -5.62
1951 11 312  -5.67  -5.66  -5.66  -5.65  -5.64  -5.64  -5.63  -5.63  -5.63  -5.63  -5.63  -5.62
1951 11 313  -5.68  -5.67  -5.66  -5.65  -5.64  -5.64  -5.63  -5.63  -5.63  -5.63  -5.63  -5.63
1951 11 314  -5.68  -5.67  -5.66  -5.65  -5.65  -5.64  -5.64  -5.63  -5.63  -5.63  -5.63  -5.63
1951 11 315  -5.68  -5.67  -5.66  -5.65  -5.65  -5.64  -5.64  -5.63  -5.63  -5.63  -5.63  -5.63
1951 11 316  -5.68  -5.67  -5.66  -5.65  -5.65  -5.64  -5.64  -5.63  -5.63  -5.63  -5.63  -5.63
1951 11 317  -5.69  -5.67  -5.66  -5.66  -5.65  -5.64  -5.64  -5.64  -5.63  -5.63  -5.63  -5.63
1951 11 318  -5.69  -5.68  -5.67  -5.66  -5.65  -5.64  -5.64  -5.64  -5.63  -5.63  -5.63  -5.63
1951 11 319  -5.69  -5.68  -5.67  -5.66  -5.65  -5.65  -5.64  -5.64  -5.63  -5.63  -5.63  -5.63
1951 11 320  -5.69  -5.68  -5.67  -5.66  -5.65  -5.65  -5.64  -5.64  -5.64  -5.63  -5.63  -5.63
1951 11 321  -5.69  -5.68  -5.67  -5.66  -5.65  -5.65  -5.64  -5.64  -5.64  -5.63  -5.63  -5.63
1951 11 322  -5.70  -5.68  -5.67  -5.66  -5.66  -5.65  -5.64  -5.64  -5.64  -5.63  -5.63  -5.63
1951 11 323  -5.70  -5.69  -5.68  -5.67  -5.66  -5.65  -5.65  -5.64  -5.64  -5.64  -5.63  -5.63
1951 11 324  -5.70  -5.69  -5.68  -5.67  -5.66  -5.65  -5.65  -5.64  -5.64  -5.64  -5.64  -5.63
1951 11 325  -5.70  -5.69  -5.68  -5.67  -5.66  -5.65  -5.65  -5.64  -5.64  -5.64  -5.64  -5.64
1951 11 326  -5.71  -5.69  -5.68  -5.67  -5.66  -5.66  -5.65  -5.65  -5.64  -5.64  -5.64  -5.64
1951 11 327  -5.71  -5.69  -5.68  -5.67  -5.66  -5.66  -5.65  -5.65  -5.64  -5.64  -5.64  -5.64
1951 11 328  -5.71  -5.70  -5.68  -5.67  -5.67  -5.66  -5.65  -5.65  -5.64  -5.64  -5.64  -5.64
1951 11 329  -5.71  -5.70  -5.69  -5.68  -5.67  -5.66  -5.65  -5.65  -5.65  -5.64  -5.64  -5.64
1951 11 330  -5.71  -5.70  -5.69  -5.68  -5.67  -5.66  -5.66  -5.65  -5.65  -5.64  -5.64  -5.64
1951 11 331  -5.72  -5.70  -5.69  -5.68  -5.67  -5.66  -5.66  -5.65  -5.65  -5.64  -5.64  -5.64
1951 11 332  -5.72  -5.70  -5.69  -5.68  -5.67  -5.66  -5.66  -5.65  -5.65  -5.65  -5.64  -5.64
1951 11 333  -5.72  -5.71  -5.69  -5.68  -5.67  -5.67  -5.66  -5.65  -5.65  -5.65  -5.65  -5.64
1951 11 334  -5.72  -5.71  -5.70  -5.69  -5.68  -5.67  -5.66  -5.66  -5.65  -5.65  -5.65  -5.65
1951 12 335  -5.72  -5.71  -5.70  -5.69  -5.68  -5.67  -5.66  -5.66  -5.65  -5.65  -5.65  -5.65
1951 12 336  -5.73  -5.71  -5.70  -5.69  -5.68  -5.67  -5.66  -5.66  -5.65  -5.65  -5.65  -5.65
1951 12 337  -5.73  -5.71  -5.70  -5.69  -5.68  -5.67  -5.67  -5.66  -5.66  -5.65  -5.65  -5.65
1951 12 338  -5.73  -5.72  -5.70  -5.69  -5.68  -5.67  -5.67  -5.66  -5.66  -5.65  -5.65  -5.65
1951 12 339  -5.73  -5.72  -5.71  -5.69  -5.68  -5.68  -5.67  -5.66  -5.66  -5.66  -5.65  -5.65
1951 12 340  -5.73  -5.72  -5.71  -5.70  -5.69  -5.68  -5.67  -5.66  -5.66  -5.66  -5.65  -5.65
1951 12 341  -5.74  -5.72  -5.71  -5.70  -5.69  -5.68  -5.67  -5.67  -5.66  -5.66  -5.66  -5.65
1951 12 342  -5.74  -5.72  -5.71  -5.70  -5.69  -5.68  -5.67  -5.67  -5.66  -5.66  -5.66  -5.66
1951 12 343  -5.74  -5.73  -5.71  -5.70  -5.69  -5.68  -5.68  -5.67  -5.66  -5.66  -5.66  -5.66
1951 12 344  -5.74  -5.73  -5.71  -5.70  -5.69  -5.68  -5.68  -5.67  -5.67  -5.66  -5.66  -5.66
1951 12 345  -5.74  -5.73  -5.72  -5.70  -5.69  -5.69  -5.68  -5.67  -5.67  -5.66  -5.66  -5.66
1951 12 346  -5.75  -5.73  -5.72  -5.71  -5.70  -5.69  -5.68  -5.67  -5.67  -5.67  -5.66  -5.66
1951 12 347  -5.75  -5.73  -5.72  -5.71  -5.70  -5.69  -5.68  -5.68  -5.67  -5.67  -5.66  -5.66
1951 12 348  -5.75  -5.74  -5.72  -5.71  -5.70  -5.69  -5.68  -5.68  -5.67  -5.67  -5.67  -5.66
1951 12 349  -5.75  -5.74  -5.72  -5.71  -5.70  -5.69  -5.68  -5.68  -5.67  -5.67  -5.67  -5.67
1951 12 350  -5.75  -5.74  -5.73  -5.71  -5.70  -5.69  -5.69  -5.68  -5.67  -5.67  -5.67  -5.67
1951 12 351  -5.76  -5.74  -5.73  -5.72  -5.70  -5.70  -5.69  -5.68  -5.68  -5.67  -5.67  -5.67
1951 12 352  -5.76  -5.74  -5.73  -5.72  -5.71  -5.70  -5.69  -5.68  -5.68  -5.67  -5.67  -5.67
1951 12 353  -5.76  -5.74  -5.73  -5.72  -5.71  -5.70  -5.69  -5.68  -5.68  -5.68  -5.67  -5.67
1951 12 354  -5.76  -5.75  -5.73  -5.72  -5.71  -5.70  -5.69  -5.69  -5.68  -5.68  -5.67  -5.67
1951 12 355  -5.76  -5.75  -5.73  -5.72  -5.71  -5.70  -5.69  -5.69  -5.68  -5.68  -5.68  -5.68
1951 12 356  -5.77  -5.75  -5.74  -5.72  -5.71  -5.70  -5.70  -5.69  -5.68  -5.68  -5.68  -5.68
1951 12 357  -5.77  -5.75  -5.74  -5.73  -5.72  -5.71  -5.70  -5.69  -5.69  -5.68  -5.68  -5.68
1951 12 358  -5.77  -5.75  -5.74  -5.73  -5.72  -5.71  -5.70  -5.69  -5.69  -5.68  -5.68  -5.68
1951 12 359  -5.77  -5.75  -5.74  -5.73  -5.72  -5.71  -5.70  -5.69  -5.69  -5.69  -5.68  -5.68
1951 12 360  -5.77  -5.76  -5.74  -5.73  -5.72  -5.71  -5.70  -5.70  -5.69  -5.69  -5.68  -5.68
1951 12 361  -5.77  -5.76  -5.74  -5.73  -5.72  -5.71  -5.70  -5.70  -5.69  -5.69  -5.69  -5.68
1951 12 362  -5.78  -5.76  -5.75  -5.73  -5.72  -5.71  -5.71  -5.70  -5.69  -5.69  -5.69  -5.69
1951 12 363  -5.78  -5.76  -5.75  -5.74  -5.73  -5.72  -5.71  -5.70  -5.70  -5.69  -5.69  -5.69
1951 12 364  -5.78  -5.76  -5.75  -5.74  -5.73  -5.72  -5.71  -5.70  -5.70  -5.69  -5.69  -5.69
