YEAR MON DAY    tlake   fice    hice   hsnow    evap   lakelev  discharge   d18O
1951   1   1   0.0128 1.0000  0.4046  0.0736  0.0000    1.2039 0.0000E+00  -3.95 
1951   1   2   0.0109 1.0000  0.4105  0.0950  0.0000    1.2040 0.0000E+00  -3.95 
1951   1   3   0.0096 1.0000  0.4168  0.1044  0.0000    1.2042 0.0000E+00  -3.96 
1951   1   4   0.0099 1.0000  0.4239  0.1066  0.0000    1.2044 0.0000E+00  -3.96 
1951   1   5   0.0106 1.0000  0.4301  0.1082  0.0000    1.2046 0.0000E+00  -3.96 
1951   1   6   0.0125 1.0000  0.4362  0.1097  0.0000    1.2047 0.0000E+00  -3.96 
1951   1   7   0.0139 1.0000  0.4391  0.1097  0.0000    1.2049 0.0000E+00  -3.96 
1951   1   8   0.0138 1.0000  0.4404  0.1080  0.0000    1.2051 0.0000E+00  -3.96 
1951   1   9   0.0138 1.0000  0.4424  0.1068  0.0000    1.2053 0.0000E+00  -3.96 
1951   1  10   0.0139 1.0000  0.4450  0.1056  0.0000    1.2055 0.0000E+00  -3.96 
1951   1  11   0.0138 1.0000  0.4478  0.1046  0.0000    1.2056 0.0000E+00  -3.96 
1951   1  12   0.0139 1.0000  0.4511  0.1039  0.0000    1.2058 0.0000E+00  -3.96 
1951   1  13   0.0140 1.0000  0.4544  0.1030  0.0000    1.2060 0.0000E+00  -3.97 
1951   1  14   0.0136 1.0000  0.4563  0.1015  0.0000    1.2062 0.0000E+00  -3.97 
1951   1  15   0.0119 1.0000  0.4566  0.0990  0.0000    1.2063 0.0000E+00  -3.97 
1951   1  16   0.0102 1.0000  0.4572  0.0958  0.0000    1.2065 0.0000E+00  -3.97 
1951   1  17   0.0099 1.0000  0.4586  0.0942  0.0000    1.2067 0.0000E+00  -3.97 
1951   1  18   0.0099 1.0000  0.4619  0.1110  0.0000    1.2069 0.0000E+00  -3.97 
1951   1  19   0.0096 1.0000  0.4903  0.1231  0.0000    1.2071 0.0000E+00  -3.97 
1951   1  20   0.0093 1.0000  0.5165  0.1299  0.0000    1.2072 0.0000E+00  -3.97 
1951   1  21   0.0090 1.0000  0.5231  0.1315  0.0000    1.2074 0.0000E+00  -3.97 
1951   1  22   0.0080 1.0000  0.5336  0.1341  0.0000    1.2076 0.0000E+00  -3.97 
1951   1  23   0.0077 1.0000  0.5458  0.1372  0.0000    1.2078 0.0000E+00  -3.97 
1951   1  24   0.0084 1.0000  0.5569  0.1400  0.0000    1.2079 0.0000E+00  -3.97 
1951   1  25   0.0097 1.0000  0.5634  0.1417  0.0000    1.2081 0.0000E+00  -3.98 
1951   1  26   0.0094 1.0000  0.5618  0.1400  0.0000    1.2083 0.0000E+00  -3.98 
1951   1  27   0.0088 1.0000  0.5686  0.1429  0.0000    1.2085 0.0000E+00  -3.98 
1951   1  28   0.0082 1.0000  0.6054  0.1520  0.0000    1.2087 0.0000E+00  -3.98 
1951   1  29   0.0071 1.0000  0.6432  0.1617  0.0000    1.2088 0.0000E+00  -3.98 
1951   1  30   0.0075 1.0000  0.6570  0.1652  0.0000    1.2090 0.0000E+00  -3.98 
1951   1  31   0.0079 1.0000  0.6632  0.1663  0.0000    1.2092 0.0000E+00  -3.98 
1951   2  32   0.0072 1.0000  0.6681  0.1679  0.0000    1.2094 0.0000E+00  -3.98 
1951   2  33   0.0060 1.0000  0.6749  0.1697  0.0000    1.2095 0.0000E+00  -3.98 
1951   2  34   0.0053 1.0000  0.6825  0.1716  0.0000    1.2097 0.0000E+00  -3.98 
1951   2  35   0.0051 1.0000  0.6895  0.1734  0.0000    1.2099 0.0000E+00  -3.98 
1951   2  36   0.0047 1.0000  0.7013  0.1763  0.0000    1.2101 0.0000E+00  -3.99 
1951   2  37   0.0051 1.0000  0.7142  0.1796  0.0000    1.2103 0.0000E+00  -3.99 
1951   2  38   0.0046 1.0000  0.7327  0.1841  0.0000    1.2104 0.0000E+00  -3.99 
1951   2  39   0.0046 1.0000  0.7532  0.1893  0.0000    1.2106 0.0000E+00  -3.99 
1951   2  40   0.0055 1.0000  0.7619  0.1916  0.0000    1.2108 0.0000E+00  -3.99 
1951   2  41   0.0058 1.0000  0.7607  0.1909  0.0000    1.2110 0.0000E+00  -3.99 
1951   2  42   0.0054 1.0000  0.7569  0.1887  0.0000    1.2111 0.0000E+00  -3.99 
1951   2  43   0.0054 1.0000  0.7561  0.1899  0.0000    1.2113 0.0000E+00  -3.99 
1951   2  44   0.0056 1.0000  0.7611  0.1914  0.0000    1.2115 0.0000E+00  -3.99 
1951   2  45   0.0061 1.0000  0.7664  0.1927  0.0000    1.2117 0.0000E+00  -3.99 
1951   2  46   0.0067 1.0000  0.7660  0.1926  0.0000    1.2119 0.0000E+00  -3.99 
1951   2  47   0.0065 1.0000  0.7623  0.1908  0.0000    1.2120 0.0000E+00  -4.00 
1951   2  48   0.0058 1.0000  0.7591  0.1886  0.0000    1.2122 0.0000E+00  -4.00 
1951   2  49   0.0050 1.0000  0.7571  0.1870  0.0000    1.2124 0.0000E+00  -4.00 
1951   2  50   0.0051 1.0000  0.7559  0.1883  0.0000    1.2126 0.0000E+00  -4.00 
1951   2  51   0.0063 1.0000  0.7542  0.1897  0.0000    1.2127 0.0000E+00  -4.00 
1951   2  52   0.0070 1.0000  0.7506  0.1884  0.0000    1.2129 0.0000E+00  -4.00 
1951   2  53   0.0072 1.0000  0.7463  0.1871  0.0000    1.2131 0.0000E+00  -4.00 
1951   2  54   0.0073 1.0000  0.7417  0.1849  0.0000    1.2133 0.0000E+00  -4.00 
1951   2  55   0.0071 1.0000  0.7375  0.1824  0.0000    1.2135 0.0000E+00  -4.00 
1951   2  56   0.0065 1.0000  0.7346  0.1805  0.0000    1.2136 0.0000E+00  -4.00 
1951   2  57   0.0059 1.0000  0.7327  0.1793  0.0000    1.2138 0.0000E+00  -4.00 
1951   2  58   0.0058 1.0000  0.7312  0.1815  0.0000    1.2140 0.0000E+00  -4.01 
1951   2  59   0.0061 1.0000  0.7301  0.1836  0.0000    1.2142 0.0000E+00  -4.01 
1951   3  60   0.0061 1.0000  0.7305  0.1837  0.0000    1.2143 0.0000E+00  -4.01 
1951   3  61   0.0060 1.0000  0.7362  0.1851  0.0000    1.2145 0.0000E+00  -4.01 
1951   3  62   0.0058 1.0000  0.7424  0.1867  0.0000    1.2147 0.0000E+00  -4.01 
1951   3  63   0.0054 1.0000  0.7431  0.1869  0.0000    1.2149 0.0000E+00  -4.01 
1951   3  64   0.0057 1.0000  0.7439  0.1871  0.0000    1.2151 0.0000E+00  -4.01 
1951   3  65   0.0054 1.0000  0.7495  0.1884  0.0000    1.2152 0.0000E+00  -4.01 
1951   3  66   0.0060 1.0000  0.7566  0.1902  0.0000    1.2154 0.0000E+00  -4.01 
1951   3  67   0.0065 1.0000  0.7569  0.1904  0.0000    1.2156 0.0000E+00  -4.01 
1951   3  68   0.0058 1.0000  0.7526  0.1884  0.0000    1.2158 0.0000E+00  -4.01 
1951   3  69   0.0058 1.0000  0.7495  0.1883  0.0000    1.2159 0.0000E+00  -4.01 
1951   3  70   0.0060 1.0000  0.7493  0.1884  0.0000    1.2161 0.0000E+00  -4.02 
1951   3  71   0.0055 1.0000  0.7484  0.1882  0.0000    1.2163 0.0000E+00  -4.02 
1951   3  72   0.0052 1.0000  0.7474  0.1880  0.0000    1.2165 0.0000E+00  -4.02 
1951   3  73   0.0056 1.0000  0.7456  0.1875  0.0000    1.2167 0.0000E+00  -4.02 
1951   3  74   0.0057 1.0000  0.7429  0.1868  0.0000    1.2168 0.0000E+00  -4.02 
1951   3  75   0.0063 1.0000  0.7412  0.1864  0.0000    1.2170 0.0000E+00  -4.02 
1951   3  76   0.0061 1.0000  0.7406  0.1863  0.0000    1.2172 0.0000E+00  -4.02 
1951   3  77   0.0067 1.0000  0.7393  0.1860  0.0000    1.2174 0.0000E+00  -4.02 
1951   3  78   0.0075 1.0000  0.7355  0.1850  0.0000    1.2175 0.0000E+00  -4.02 
1951   3  79   0.0068 1.0000  0.7304  0.1828  0.0000    1.2177 0.0000E+00  -4.02 
1951   3  80   0.0067 1.0000  0.7252  0.1804  0.0000    1.2179 0.0000E+00  -4.02 
1951   3  81   0.0071 1.0000  0.7218  0.1814  0.0000    1.2181 0.0000E+00  -4.03 
1951   3  82   0.0080 1.0000  0.7195  0.1810  0.0000    1.2183 0.0000E+00  -4.03 
1951   3  83   0.0095 1.0000  0.7134  0.1790  0.0000    1.2184 0.0000E+00  -4.03 
1951   3  84   0.0103 1.0000  0.7053  0.1762  0.0000    1.2186 0.0000E+00  -4.03 
1951   3  85   0.0095 1.0000  0.6970  0.1724  0.0000    1.2188 0.0000E+00  -4.03 
1951   3  86   0.0084 1.0000  0.6913  0.1721  0.0000    1.2190 0.0000E+00  -4.03 
1951   3  87   0.0100 1.0000  0.6909  0.1737  0.0000    1.2191 0.0000E+00  -4.03 
1951   3  88   0.0102 1.0000  0.6887  0.1732  0.0000    1.2193 0.0000E+00  -4.03 
1951   3  89   0.0081 1.0000  0.6844  0.1721  0.0000    1.2195 0.0000E+00  -4.03 
1951   3  90   0.0093 1.0000  0.6843  0.1721  0.0000    1.2197 0.0000E+00  -4.03 
1951   4  91   0.0118 1.0000  0.6821  0.1716  0.0000    1.2199 0.0000E+00  -4.03 
1951   4  92   0.0112 1.0000  0.6750  0.1698  0.0000    1.2200 0.0000E+00  -4.04 
1951   4  93   0.0096 1.0000  0.6684  0.1681  0.0000    1.2202 0.0000E+00  -4.04 
1951   4  94   0.0089 1.0000  0.6646  0.1671  0.0000    1.2204 0.0000E+00  -4.04 
1951   4  95   0.0080 1.0000  0.6647  0.1672  0.0000    1.2206 0.0000E+00  -4.04 
1951   4  96   0.0084 1.0000  0.6680  0.1680  0.0000    1.2207 0.0000E+00  -4.04 
1951   4  97   0.0089 1.0000  0.6682  0.1681  0.0000    1.2209 0.0000E+00  -4.04 
1951   4  98   0.0089 1.0000  0.6674  0.1678  0.0000    1.2211 0.0000E+00  -4.04 
1951   4  99   0.0100 1.0000  0.6703  0.1685  0.0000    1.2213 0.0000E+00  -4.04 
1951   4 100   0.0095 1.0000  0.6809  0.1712  0.0000    1.2215 0.0000E+00  -4.04 
1951   4 101   0.0093 1.0000  0.6906  0.1737  0.0000    1.2216 0.0000E+00  -4.04 
1951   4 102   0.0115 1.0000  0.6881  0.1731  0.0000    1.2218 0.0000E+00  -4.04 
1951   4 103   0.0120 1.0000  0.6792  0.1698  0.0000    1.2220 0.0000E+00  -4.04 
1951   4 104   0.0104 1.0000  0.6713  0.1675  0.0000    1.2222 0.0000E+00  -4.05 
1951   4 105   0.0125 1.0000  0.6655  0.1673  0.0000    1.2223 0.0000E+00  -4.05 
1951   4 106   0.0134 1.0000  0.6576  0.1653  0.0000    1.2225 0.0000E+00  -4.05 
1951   4 107   0.0110 1.0000  0.6491  0.1618  0.0000    1.2227 0.0000E+00  -4.05 
1951   4 108   0.0107 1.0000  0.6410  0.1591  0.0000    1.2229 0.0000E+00  -4.05 
1951   4 109   0.0101 1.0000  0.6365  0.1600  0.0000    1.2231 0.0000E+00  -4.05 
1951   4 110   0.0101 1.0000  0.6424  0.1615  0.0000    1.2232 0.0000E+00  -4.05 
1951   4 111   0.0116 1.0000  0.6493  0.1633  0.0000    1.2234 0.0000E+00  -4.05 
1951   4 112   0.0119 1.0000  0.6477  0.1629  0.0000    1.2238 0.0000E+00  -4.05 
1951   4 113   0.0107 1.0000  0.6450  0.1622  0.0000    1.2259 0.0000E+00  -4.14 
1951   4 114   0.0106 1.0000  0.6573  0.1652  0.0000    1.2261 0.0000E+00  -4.11 
1951   4 115   0.0116 1.0000  0.6648  0.1672  0.0000    1.2263 0.0000E+00  -4.10 
1951   4 116   0.0115 1.0000  0.6597  0.1659  0.0000    1.2265 0.0000E+00  -4.09 
1951   4 117   0.0119 1.0000  0.6526  0.1641  0.0000    1.2267 0.0000E+00  -4.09 
1951   4 118   0.0126 1.0000  0.6438  0.1606  0.0000    1.2272 0.0000E+00  -4.09 
1951   4 119   0.0119 1.0000  0.6351  0.1586  0.0000    1.2278 0.0000E+00  -4.11 
1951   4 120   0.0106 1.0000  0.6349  0.1596  0.0000    1.2280 0.0000E+00  -4.10 
1951   5 121   0.0131 1.0000  0.6349  0.1597  0.0000    1.2282 0.0000E+00  -4.10 
1951   5 122   0.0172 1.0000  0.6264  0.1573  0.0000    1.2284 0.0000E+00  -4.10 
1951   5 123   0.0193 1.0000  0.6141  0.1541  0.0000    1.2285 0.0000E+00  -4.09 
1951   5 124   0.0338 1.0000  0.5973  0.1501  0.0000    1.2295 0.0000E+00  -4.10 
1951   5 125   0.0441 1.0000  0.5701  0.1420  0.0000    1.2303 0.0000E+00  -4.14 
1951   5 126   0.0261 1.0000  0.5495  0.1341  0.0000    1.2305 0.0000E+00  -4.13 
1951   5 127   0.0271 1.0000  0.5355  0.1295  0.0000    1.2306 0.0000E+00  -4.12 
1951   5 128   0.0264 1.0000  0.5223  0.1256  0.0000    1.2308 0.0000E+00  -4.11 
1951   5 129   0.0284 1.0000  0.5099  0.1219  0.0000    1.2310 0.0000E+00  -4.11 
1951   5 130   0.0320 1.0000  0.4964  0.1204  0.0000    1.2323 0.0000E+00  -4.13 
1951   5 131   0.0633 1.0000  0.4750  0.1151  0.0000    1.2366 0.0000E+00  -4.23 
1951   5 132   0.0595 1.0000  0.4469  0.1045  0.0000    1.2407 0.0000E+00  -4.34 
1951   5 133   0.0311 1.0000  0.4315  0.1022  0.0000    1.2416 0.0000E+00  -4.34 
1951   5 134   0.0297 1.0000  0.4236  0.1062  0.0000    1.2432 0.0000E+00  -4.32 
1951   5 135   0.0305 1.0000  0.4188  0.1049  0.0000    1.2500 0.0000E+00  -4.41 
1951   5 136   0.0556 1.0000  0.4050  0.1004  0.0000    1.2898 0.0000E+00  -5.22 
1951   5 137   0.0791 1.0000  0.3821  0.0942  0.0000    1.3000 0.2385E+03  -5.69 
1951   5 138   0.0919 1.0000  0.3541  0.0863  0.0000    1.3000 0.1619E+03  -5.60 
1951   5 139   0.0843 1.0000  0.3297  0.0773  0.0000    1.3000 0.1858E+03  -5.50 
1951   5 140   0.0726 1.0000  0.3092  0.0698  0.0000    1.3000 0.3592E+03  -5.64 
1951   5 141   0.0791 1.0000  0.2931  0.0726  0.0000    1.3000 0.5749E+03  -5.91 
1951   5 142   0.1252 1.0000  0.2698  0.0639  0.0000    1.3000 0.4158E+03  -6.15 
1951   5 143   0.1579 1.0000  0.2399  0.0495  0.0000    1.3000 0.4703E+03  -6.25 
1951   5 144   0.1546 1.0000  0.2112  0.0297  0.0000    1.3000 0.6013E+03  -6.46 
1951   5 145   0.1646 1.0000  0.1875  0.0042  0.7929    1.3000 0.6787E+03  -6.73 
1951   5 146   0.2112 1.0000  0.1541  0.0000  1.0694    1.3000 0.6572E+03  -6.88 
1951   5 147   0.2561 1.0000  0.1139  0.0000  1.2198    1.3000 0.6985E+03  -7.05 
1951   5 148   0.3589 1.0000  0.0693  0.0000  0.5501    1.3000 0.8687E+03  -7.25 
1951   5 149   0.9380 0.8893  0.0262  0.0000 -0.1611    1.3000 0.1351E+04  -7.28 
1951   5 150   5.8276 0.0000  0.0000  0.0000  2.2259    1.3000 0.1917E+04  -5.39 
1951   5 151   6.3033 0.0000  0.0000  0.0000  7.2856    1.3000 0.2222E+04  -5.71 
1951   6 152   3.1054 0.0000  0.0000  0.0000  8.3870    1.3000 0.7946E+03  -5.80 
1951   6 153   0.3580 0.5096  0.0086  0.0008  2.1592    1.3000 0.4227E+03  -5.88 
1951   6 154   0.2451 1.0000  0.0230  0.0057  0.0000    1.3000 0.4250E+03  -6.26 
1951   6 155   0.3424 1.0000  0.0185  0.0046  0.0000    1.3000 0.4329E+03  -6.58 
1951   6 156   1.0684 0.3907  0.0090  0.0015  0.6152    1.3000 0.5877E+03  -6.29 
1951   6 157   3.1102 0.0000  0.0000  0.0000  2.0173    1.3000 0.5953E+03  -6.19 
1951   6 158   4.3281 0.0000  0.0000  0.0000  2.9620    1.3000 0.6299E+03  -6.16 
1951   6 159   4.7224 0.0000  0.0000  0.0000  2.6718    1.3000 0.6470E+03  -6.23 
1951   6 160   5.0206 0.0000  0.0000  0.0000  2.8690    1.3000 0.7142E+03  -6.30 
1951   6 161   5.2451 0.0000  0.0000  0.0000  2.4636    1.3000 0.1630E+04  -6.45 
1951   6 162   5.4730 0.0000  0.0000  0.0000  3.0573    1.3000 0.8545E+03  -6.56 
1951   6 163   5.7522 0.0000  0.0000  0.0000  3.1497    1.3000 0.8174E+03  -6.63 
1951   6 164   6.2602 0.0000  0.0000  0.0000  3.1937    1.3000 0.1390E+04  -6.75 
1951   6 165   6.7492 0.0000  0.0000  0.0000  2.6339    1.3000 0.1190E+04  -6.91 
1951   6 166   8.5948 0.0000  0.0000  0.0000  2.2833    1.3000 0.2032E+04  -7.63 
1951   6 167   9.4680 0.0000  0.0000  0.0000  3.1346    1.3000 0.2082E+04  -7.44 
1951   6 168  10.0046 0.0000  0.0000  0.0000  4.1186    1.3000 0.2055E+04  -7.33 
1951   6 169   9.9470 0.0000  0.0000  0.0000  4.1664    1.3000 0.1539E+04  -7.45 
1951   6 170   9.9431 0.0000  0.0000  0.0000  4.3418    1.3000 0.1938E+04  -7.57 
1951   6 171   9.4132 0.0000  0.0000  0.0000  3.9122    1.3000 0.1518E+04  -7.67 
1951   6 172   8.8006 0.0000  0.0000  0.0000  3.6173    1.3000 0.1968E+04  -7.79 
1951   6 173   8.2255 0.0000  0.0000  0.0000  3.4391    1.3000 0.1046E+04  -7.85 
1951   6 174   7.7443 0.0000  0.0000  0.0000  5.0083    1.3000 0.1181E+04  -7.90 
1951   6 175   8.0596 0.0000  0.0000  0.0000  5.4061    1.3000 0.1170E+04  -7.93 
1951   6 176   8.3249 0.0000  0.0000  0.0000  3.7074    1.3000 0.1579E+04  -8.00 
1951   6 177   8.5871 0.0000  0.0000  0.0000  3.9490    1.3000 0.1727E+04  -8.09 
1951   6 178   8.7545 0.0000  0.0000  0.0000  4.0546    1.3000 0.1812E+04  -8.16 
1951   6 179   8.3906 0.0000  0.0000  0.0000  5.2360    1.3000 0.1247E+04  -8.21 
1951   6 180   7.3176 0.0000  0.0000  0.0000  4.8989    1.3000 0.1191E+04  -8.23 
1951   6 181   7.2027 0.0000  0.0000  0.0000  2.6655    1.3000 0.9712E+03  -8.27 
1951   7 182   8.2802 0.0000  0.0000  0.0000  2.0577    1.3000 0.1409E+04  -8.47 
1951   7 183   9.5781 0.0000  0.0000  0.0000  2.5528    1.3000 0.2229E+04  -8.57 
1951   7 184  10.5061 0.0000  0.0000  0.0000  5.0036    1.3000 0.2165E+04  -8.48 
1951   7 185  11.4699 0.0000  0.0000  0.0000  6.0042    1.3000 0.2184E+04  -8.53 
1951   7 186  11.7926 0.0000  0.0000  0.0000  5.0866    1.3000 0.2344E+04  -8.60 
1951   7 187  12.5729 0.0000  0.0000  0.0000  7.5333    1.3000 0.2401E+04  -8.65 
1951   7 188  12.7800 0.0000  0.0000  0.0000  9.6694    1.3000 0.2341E+04  -8.68 
1951   7 189  11.9843 0.0000  0.0000  0.0000  7.6272    1.3000 0.2191E+04  -8.70 
1951   7 190  10.8566 0.0000  0.0000  0.0000  7.2320    1.3000 0.1631E+04  -8.72 
1951   7 191   9.9784 0.0000  0.0000  0.0000  8.0743    1.3000 0.1609E+04  -8.71 
1951   7 192   9.8196 0.0000  0.0000  0.0000  6.6604    1.3000 0.1864E+04  -8.73 
1951   7 193   9.6125 0.0000  0.0000  0.0000  3.7676    1.3000 0.1684E+04  -8.76 
1951   7 194  11.2979 0.0000  0.0000  0.0000  1.8807    1.3000 0.1354E+04  -8.96 
1951   7 195  13.1544 0.0000  0.0000  0.0000  1.9031    1.3000 0.4038E+03  -8.96 
1951   7 196  13.4035 0.0000  0.0000  0.0000  2.6634    1.3000 0.3681E+03  -8.83 
1951   7 197  13.5541 0.0000  0.0000  0.0000  2.1795    1.3000 0.3867E+03  -8.78 
1951   7 198  14.6095 0.0000  0.0000  0.0000  2.0208    1.3000 0.3856E+03  -8.80 
1951   7 199  14.7245 0.0000  0.0000  0.0000  4.7562    1.3000 0.3209E+03  -8.76 
1951   7 200  14.9053 0.0000  0.0000  0.0000  6.2332    1.3000 0.2952E+03  -8.72 
1951   7 201  14.3528 0.0000  0.0000  0.0000  6.1378    1.3000 0.3436E+03  -8.68 
1951   7 202  12.9278 0.0000  0.0000  0.0000  4.4984    1.3000 0.4358E+03  -8.65 
1951   7 203  12.0766 0.0000  0.0000  0.0000  5.0221    1.3000 0.3190E+03  -8.63 
1951   7 204  11.8647 0.0000  0.0000  0.0000  4.4923    1.3000 0.2601E+03  -8.59 
1951   7 205  12.5631 0.0000  0.0000  0.0000  3.1269    1.3000 0.2375E+03  -8.57 
1951   7 206  13.3168 0.0000  0.0000  0.0000  2.4973    1.3000 0.2057E+03  -8.56 
1951   7 207  13.9356 0.0000  0.0000  0.0000  2.9545    1.3000 0.1723E+03  -8.54 
1951   7 208  14.3869 0.0000  0.0000  0.0000  2.8653    1.3000 0.2534E+03  -8.53 
1951   7 209  14.6938 0.0000  0.0000  0.0000  3.9932    1.3000 0.3712E+03  -8.52 
1951   7 210  14.1859 0.0000  0.0000  0.0000  4.7506    1.3000 0.1620E+03  -8.48 
1951   7 211  14.1003 0.0000  0.0000  0.0000  3.7254    1.3000 0.6848E+02  -8.45 
1951   7 212  14.4934 0.0000  0.0000  0.0000  2.8733    1.3000 0.7166E+02  -8.43 
1951   8 213  14.7281 0.0000  0.0000  0.0000  4.5328    1.3000 0.4994E+02  -8.40 
1951   8 214  13.9839 0.0000  0.0000  0.0000  7.1113    1.2984 0.0000E+00  -8.34 
1951   8 215  13.2048 0.0000  0.0000  0.0000  7.8919    1.3000 0.8687E+01  -8.27 
1951   8 216  12.5486 0.0000  0.0000  0.0000  7.6952    1.3000 0.2285E+00  -8.20 
1951   8 217  12.1136 0.0000  0.0000  0.0000  5.7650    1.2992 0.0000E+00  -8.15 
1951   8 218  11.8233 0.0000  0.0000  0.0000  3.8711    1.3000 0.1761E+02  -8.11 
1951   8 219  11.5061 0.0000  0.0000  0.0000  3.7774    1.3000 0.4606E+02  -8.08 
1951   8 220  10.9378 0.0000  0.0000  0.0000  4.0832    1.2994 0.5032E-01  -8.05 
1951   8 221  10.0372 0.0000  0.0000  0.0000  4.3107    1.2973 0.0000E+00  -8.00 
1951   8 222   9.7812 0.0000  0.0000  0.0000  3.3927    1.2956 0.0000E+00  -7.97 
1951   8 223  10.2042 0.0000  0.0000  0.0000  3.0324    1.2941 0.0000E+00  -7.94 
1951   8 224  10.8669 0.0000  0.0000  0.0000  3.6183    1.2916 0.0000E+00  -7.91 
1951   8 225  11.0294 0.0000  0.0000  0.0000  4.7138    1.2876 0.0000E+00  -7.86 
1951   8 226  10.7465 0.0000  0.0000  0.0000  3.8374    1.2844 0.0000E+00  -7.81 
1951   8 227  10.7158 0.0000  0.0000  0.0000  5.2230    1.2796 0.0000E+00  -7.77 
1951   8 228  10.7060 0.0000  0.0000  0.0000  5.3428    1.2745 0.0000E+00  -7.70 
1951   8 229  11.5606 0.0000  0.0000  0.0000  1.8510    1.2729 0.0000E+00  -7.65 
1951   8 230  12.5082 0.0000  0.0000  0.0000  2.2650    1.2709 0.0000E+00  -7.62 
1951   8 231  11.6317 0.0000  0.0000  0.0000  5.8696    1.2662 0.0000E+00  -7.61 
1951   8 232   9.3219 0.0000  0.0000  0.0000  6.3181    1.2650 0.0000E+00  -7.55 
1951   8 233   8.1173 0.0000  0.0000  0.0000  3.9185    1.2634 0.0000E+00  -7.51 
1951   8 234   8.2724 0.0000  0.0000  0.0000  3.4220    1.2607 0.0000E+00  -7.47 
1951   8 235   8.4485 0.0000  0.0000  0.0000  5.3169    1.2588 0.0000E+00  -7.43 
1951   8 236   8.4060 0.0000  0.0000  0.0000  5.5530    1.2606 0.0000E+00  -7.38 
1951   8 237   7.8494 0.0000  0.0000  0.0000  4.4068    1.2587 0.0000E+00  -7.34 
1951   8 238   7.8555 0.0000  0.0000  0.0000  5.7067    1.2533 0.0000E+00  -7.28 
1951   8 239   8.8298 0.0000  0.0000  0.0000  5.9050    1.2476 0.0000E+00  -7.22 
1951   8 240   9.3828 0.0000  0.0000  0.0000  5.3813    1.2437 0.0000E+00  -7.16 
1951   8 241   9.0554 0.0000  0.0000  0.0000  6.1068    1.2452 0.0000E+00  -7.12 
1951   8 242   8.3911 0.0000  0.0000  0.0000  5.8932    1.2423 0.0000E+00  -7.06 
1951   8 243   7.6238 0.0000  0.0000  0.0000  4.0492    1.2397 0.0000E+00  -7.02 
1951   9 244   7.4111 0.0000  0.0000  0.0000  3.0626    1.2393 0.0000E+00  -6.99 
1951   9 245   7.3725 0.0000  0.0000  0.0000  3.1645    1.2378 0.0000E+00  -6.96 
1951   9 246   7.2625 0.0000  0.0000  0.0000  3.3033    1.2360 0.0000E+00  -6.93 
1951   9 247   7.3999 0.0000  0.0000  0.0000  3.2718    1.2331 0.0000E+00  -6.89 
1951   9 248   7.4618 0.0000  0.0000  0.0000  3.9933    1.2292 0.0000E+00  -6.85 
1951   9 249   7.4545 0.0000  0.0000  0.0000  3.6991    1.2257 0.0000E+00  -6.81 
1951   9 250   7.5141 0.0000  0.0000  0.0000  4.1444    1.2217 0.0000E+00  -6.77 
1951   9 251   7.2173 0.0000  0.0000  0.0000  6.1519    1.2159 0.0000E+00  -6.70 
1951   9 252   5.9591 0.0000  0.0000  0.0000  6.1830    1.2106 0.0000E+00  -6.64 
1951   9 253   5.8049 0.0000  0.0000  0.0000  6.3796    1.2062 0.0000E+00  -6.57 
1951   9 254   5.2225 0.0000  0.0000  0.0000  7.0802    1.2067 0.0000E+00  -6.51 
1951   9 255   3.0615 0.0000  0.0000  0.0000  4.7822    1.2051 0.0000E+00  -6.45 
1951   9 256   1.5977 0.0000  0.0000  0.0000  1.6082    1.2040 0.0000E+00  -6.35 
1951   9 257   2.9705 0.0000  0.0000  0.0000  2.8999    1.2013 0.0000E+00  -6.34 
1951   9 258   2.8943 0.0000  0.0000  0.0000  3.6698    1.1977 0.0000E+00  -6.35 
1951   9 259   3.4519 0.0000  0.0000  0.0000  1.3839    1.1965 0.0000E+00  -6.31 
1951   9 260   5.5607 0.0000  0.0000  0.0000  0.8797    1.1962 0.0000E+00  -6.31 
1951   9 261   5.3033 0.0000  0.0000  0.0000  3.8875    1.1946 0.0000E+00  -6.30 
1951   9 262   5.1934 0.0000  0.0000  0.0000  5.5277    1.1913 0.0000E+00  -6.24 
1951   9 263   4.8887 0.0000  0.0000  0.0000  5.6097    1.1901 0.0000E+00  -6.19 
1951   9 264   2.9435 0.0000  0.0000  0.0000  4.8636    1.1877 0.0000E+00  -6.14 
1951   9 265   0.7199 0.0000  0.0000  0.0000  2.2654    1.1859 0.0000E+00  -6.07 
1951   9 266   1.3392 0.0000  0.0000  0.0000  1.7490    1.1843 0.0000E+00  -6.03 
1951   9 267   4.0054 0.0000  0.0000  0.0000  5.4991    1.1789 0.0000E+00  -6.03 
1951   9 268   4.2529 0.0000  0.0000  0.0000  7.5494    1.1716 0.0000E+00  -5.94 
1951   9 269   3.9536 0.0000  0.0000  0.0000  5.7055    1.1660 0.0000E+00  -5.87 
1951   9 270   3.7513 0.0000  0.0000  0.0000  4.2160    1.1619 0.0000E+00  -5.81 
1951   9 271   4.7504 0.0000  0.0000  0.0000  4.8054    1.1573 0.0000E+00  -5.76 
1951   9 272   5.4983 0.0000  0.0000  0.0000  4.9840    1.1525 0.0000E+00  -5.70 
1951   9 273   5.6488 0.0000  0.0000  0.0000  5.4160    1.1472 0.0000E+00  -5.64 
1951  10 274   5.1700 0.0000  0.0000  0.0000  6.0312    1.1487 0.0000E+00  -5.59 
1951  10 275   3.6889 0.0000  0.0000  0.0000  5.1657    1.1842 0.0000E+00  -5.63 
1951  10 276   1.7017 0.0000  0.0000  0.0000  2.9451    1.2175 0.0000E+00  -5.74 
1951  10 277   0.5591 0.0000  0.0000  0.0000  3.1675    1.2271 0.0000E+00  -5.80 
1951  10 278   0.1113 0.4475  0.0096  0.0021  2.2436    1.2355 0.0000E+00  -5.78 
1951  10 279   0.1041 1.0000  0.0365  0.0091  0.0000    1.2356 0.0000E+00  -5.78 
1951  10 280   0.1338 1.0000  0.0462  0.0116  0.0000    1.2358 0.0000E+00  -5.78 
1951  10 281   0.1518 1.0000  0.0435  0.0103  0.0000    1.2360 0.0000E+00  -5.79 
1951  10 282   0.1676 1.0000  0.0352  0.0077  0.0000    1.2368 0.0000E+00  -5.80 
1951  10 283   0.1820 1.0000  0.0250  0.0052  0.0000    1.2399 0.0000E+00  -5.84 
1951  10 284   0.4377 0.8501  0.0126  0.0001  1.2440    1.2421 0.0000E+00  -5.89 
1951  10 285   1.8350 0.0214  0.0027  0.0000  4.1682    1.2409 0.0000E+00  -5.78 
1951  10 286   1.2912 0.0000  0.0000  0.0000  4.7812    1.2375 0.0000E+00  -5.73 
1951  10 287   1.0677 0.0000  0.0000  0.0000  4.3289    1.2348 0.0000E+00  -5.68 
1951  10 288   0.7701 0.0000  0.0000  0.0000  4.5034    1.2348 0.0000E+00  -5.64 
1951  10 289   0.0772 0.4609  0.0086  0.0016  2.2226    1.2374 0.0000E+00  -5.62 
1951  10 290   0.0934 1.0000  0.0346  0.0087  0.0000    1.2376 0.0000E+00  -5.62 
1951  10 291   0.0861 1.0000  0.0502  0.0126  0.0000    1.2378 0.0000E+00  -5.63 
1951  10 292   0.0799 1.0000  0.0541  0.0136  0.0000    1.2380 0.0000E+00  -5.63 
1951  10 293   0.0700 1.0000  0.0580  0.0146  0.0000    1.2382 0.0000E+00  -5.63 
1951  10 294   0.0765 1.0000  0.0686  0.0149  0.0000    1.2384 0.0000E+00  -5.63 
1951  10 295   0.0883 1.0000  0.0820  0.0114  0.0000    1.2386 0.0000E+00  -5.64 
1951  10 296   0.0882 1.0000  0.0903  0.0060  0.0000    1.2387 0.0000E+00  -5.64 
1951  10 297   0.0917 1.0000  0.0929  0.0007  0.7308    1.2382 0.0000E+00  -5.64 
1951  10 298   0.0664 1.0000  0.0961  0.0073  0.0000    1.2384 0.0000E+00  -5.64 
1951  10 299   0.0516 1.0000  0.1072  0.0261  0.0000    1.2395 0.0000E+00  -5.66 
1951  10 300   0.0594 1.0000  0.1226  0.0308  0.0000    1.2398 0.0000E+00  -5.66 
1951  10 301   0.0696 1.0000  0.1250  0.0304  0.0000    1.2400 0.0000E+00  -5.66 
1951  10 302   0.0667 1.0000  0.1237  0.0262  0.0000    1.2402 0.0000E+00  -5.66 
1951  10 303   0.0619 1.0000  0.1255  0.0227  0.0000    1.2404 0.0000E+00  -5.66 
1951  10 304   0.0538 1.0000  0.1350  0.0208  0.0000    1.2407 0.0000E+00  -5.66 
1951  11 305   0.0601 1.0000  0.1558  0.0225  0.0000    1.2409 0.0000E+00  -5.66 
1951  11 306   0.0580 1.0000  0.1737  0.0238  0.0000    1.2412 0.0000E+00  -5.66 
1951  11 307   0.0441 1.0000  0.1824  0.0226  0.0000    1.2414 0.0000E+00  -5.66 
1951  11 308   0.0409 1.0000  0.1874  0.0365  0.0000    1.2417 0.0000E+00  -5.67 
1951  11 309   0.0372 1.0000  0.1978  0.0497  0.0000    1.2420 0.0000E+00  -5.67 
1951  11 310   0.0373 1.0000  0.2086  0.0525  0.0000    1.2423 0.0000E+00  -5.67 
1951  11 311   0.0398 1.0000  0.2107  0.0518  0.0000    1.2426 0.0000E+00  -5.67 
1951  11 312   0.0465 1.0000  0.2088  0.0489  0.0000    1.2430 0.0000E+00  -5.67 
1951  11 313   0.0507 1.0000  0.2060  0.0457  0.0000    1.2433 0.0000E+00  -5.68 
1951  11 314   0.0458 1.0000  0.2035  0.0419  0.0000    1.2436 0.0000E+00  -5.68 
1951  11 315   0.0368 1.0000  0.2029  0.0413  0.0000    1.2440 0.0000E+00  -5.68 
1951  11 316   0.0275 1.0000  0.2092  0.0518  0.0000    1.2443 0.0000E+00  -5.68 
1951  11 317   0.0237 1.0000  0.2244  0.0564  0.0000    1.2447 0.0000E+00  -5.69 
1951  11 318   0.0239 1.0000  0.2387  0.0600  0.0000    1.2451 0.0000E+00  -5.69 
1951  11 319   0.0252 1.0000  0.2518  0.0633  0.0000    1.2455 0.0000E+00  -5.69 
1951  11 320   0.0293 1.0000  0.2628  0.0651  0.0000    1.2458 0.0000E+00  -5.69 
1951  11 321   0.0331 1.0000  0.2701  0.0644  0.0000    1.2462 0.0000E+00  -5.69 
1951  11 322   0.0325 1.0000  0.2735  0.0620  0.0000    1.2466 0.0000E+00  -5.70 
1951  11 323   0.0279 1.0000  0.2741  0.0585  0.0000    1.2470 0.0000E+00  -5.70 
1951  11 324   0.0212 1.0000  0.2745  0.0600  0.0000    1.2474 0.0000E+00  -5.70 
1951  11 325   0.0203 1.0000  0.2817  0.0705  0.0000    1.2478 0.0000E+00  -5.70 
1951  11 326   0.0246 1.0000  0.2944  0.0740  0.0000    1.2483 0.0000E+00  -5.71 
1951  11 327   0.0279 1.0000  0.3010  0.0757  0.0000    1.2487 0.0000E+00  -5.71 
1951  11 328   0.0269 1.0000  0.3042  0.0754  0.0000    1.2491 0.0000E+00  -5.71 
1951  11 329   0.0258 1.0000  0.3062  0.0733  0.0000    1.2495 0.0000E+00  -5.71 
1951  11 330   0.0255 1.0000  0.3072  0.0709  0.0000    1.2500 0.0000E+00  -5.71 
1951  11 331   0.0253 1.0000  0.3079  0.0688  0.0000    1.2504 0.0000E+00  -5.72 
1951  11 332   0.0256 1.0000  0.3077  0.0660  0.0000    1.2508 0.0000E+00  -5.72 
1951  11 333   0.0256 1.0000  0.3064  0.0631  0.0000    1.2513 0.0000E+00  -5.72 
1951  11 334   0.0228 1.0000  0.3049  0.0597  0.0000    1.2517 0.0000E+00  -5.72 
1951  12 335   0.0202 1.0000  0.3048  0.0565  0.0000    1.2522 0.0000E+00  -5.72 
1951  12 336   0.0205 1.0000  0.3072  0.0585  0.0000    1.2526 0.0000E+00  -5.73 
1951  12 337   0.0195 1.0000  0.3123  0.0625  0.0000    1.2531 0.0000E+00  -5.73 
1951  12 338   0.0183 1.0000  0.3178  0.0650  0.0000    1.2535 0.0000E+00  -5.73 
1951  12 339   0.0176 1.0000  0.3230  0.0763  0.0000    1.2540 0.0000E+00  -5.73 
1951  12 340   0.0178 1.0000  0.3307  0.0832  0.0000    1.2544 0.0000E+00  -5.73 
1951  12 341   0.0207 1.0000  0.3388  0.0842  0.0000    1.2549 0.0000E+00  -5.74 
1951  12 342   0.0229 1.0000  0.3471  0.0842  0.0000    1.2553 0.0000E+00  -5.74 
1951  12 343   0.0218 1.0000  0.3547  0.0832  0.0000    1.2558 0.0000E+00  -5.74 
1951  12 344   0.0211 1.0000  0.3602  0.0816  0.0000    1.2563 0.0000E+00  -5.74 
1951  12 345   0.0200 1.0000  0.3631  0.0792  0.0000    1.2567 0.0000E+00  -5.74 
1951  12 346   0.0175 1.0000  0.3652  0.0769  0.0000    1.2572 0.0000E+00  -5.75 
1951  12 347   0.0171 1.0000  0.3695  0.0774  0.0000    1.2577 0.0000E+00  -5.75 
1951  12 348   0.0165 1.0000  0.3761  0.0852  0.0000    1.2581 0.0000E+00  -5.75 
1951  12 349   0.0136 1.0000  0.3845  0.0965  0.0000    1.2586 0.0000E+00  -5.75 
1951  12 350   0.0121 1.0000  0.4069  0.1022  0.0000    1.2591 0.0000E+00  -5.75 
1951  12 351   0.0128 1.0000  0.4303  0.1082  0.0000    1.2595 0.0000E+00  -5.76 
1951  12 352   0.0126 1.0000  0.4402  0.1107  0.0000    1.2600 0.0000E+00  -5.76 
1951  12 353   0.0128 1.0000  0.4485  0.1128  0.0000    1.2605 0.0000E+00  -5.76 
1951  12 354   0.0126 1.0000  0.4588  0.1154  0.0000    1.2609 0.0000E+00  -5.76 
1951  12 355   0.0115 1.0000  0.4701  0.1182  0.0000    1.2614 0.0000E+00  -5.76 
1951  12 356   0.0116 1.0000  0.4832  0.1215  0.0000    1.2619 0.0000E+00  -5.77 
1951  12 357   0.0112 1.0000  0.4943  0.1243  0.0000    1.2623 0.0000E+00  -5.77 
1951  12 358   0.0111 1.0000  0.5082  0.1277  0.0000    1.2628 0.0000E+00  -5.77 
1951  12 359   0.0112 1.0000  0.5204  0.1309  0.0000    1.2633 0.0000E+00  -5.77 
1951  12 360   0.0107 1.0000  0.5236  0.1317  0.0000    1.2637 0.0000E+00  -5.77 
1951  12 361   0.0096 1.0000  0.5243  0.1311  0.0000    1.2642 0.0000E+00  -5.77 
1951  12 362   0.0087 1.0000  0.5299  0.1332  0.0000    1.2647 0.0000E+00  -5.78 
1951  12 363   0.0080 1.0000  0.5616  0.1410  0.0000    1.2651 0.0000E+00  -5.78 
1951  12 364   0.0082 1.0000  0.6060  0.1522  0.0000    1.2656 0.0000E+00  -5.78 
