2014., 1.,  1., -0.0624,  1.6862,  1.0000,  0.8644,  0.0991,  0.0000,  1.3000,    0.0000,  1
2014., 1.,  2., -0.0630,  1.6688,  1.0000,  0.8677,  0.0966,  0.0000,  1.3000,    0.0000,  1
2014., 1.,  3., -0.0638,  1.6517,  1.0000,  0.8724,  0.0951,  0.0000,  1.3000,    0.8500,  1
2014., 1.,  4., -0.0643,  1.6349,  1.0000,  0.8766,  0.0933,  0.0000,  1.3000,    0.0000,  1
2014., 1.,  5., -0.0635,  1.6184,  1.0000,  0.8811,  0.0920,  0.0000,  1.3000,    0.0000,  1
2014., 1.,  6., -0.0632,  1.6020,  1.0000,  0.8851,  0.0914,  0.0000,  1.3000,    4.2500,  1
2014., 1.,  7., -0.0633,  1.5860,  1.0000,  0.8912,  0.0974,  0.0000,  1.3000,   16.1500,  1
2014., 1.,  8., -0.0632,  1.5701,  1.0000,  0.9002,  0.0982,  0.0000,  1.3000,    0.0000,  1
2014., 1.,  9., -0.0633,  1.5546,  1.0000,  0.9129,  0.0982,  0.0000,  1.3000,    0.8500,  1
2014., 1., 10., -0.0634,  1.5393,  1.0000,  0.9247,  0.0996,  0.0000,  1.3000,    7.6500,  1
2014., 1., 11., -0.0628,  1.5242,  1.0000,  0.9353,  0.1012,  0.0000,  1.3000,    0.8500,  1
2014., 1., 12., -0.0625,  1.5094,  1.0000,  0.9452,  0.1017,  0.0000,  1.3000,    0.8500,  1
2014., 1., 13., -0.0628,  1.4947,  1.0000,  0.9574,  0.1017,  0.0000,  1.3000,    0.0000,  1
2014., 1., 14., -0.0625,  1.4803,  1.0000,  0.9690,  0.1023,  0.0000,  1.3000,    5.9500,  1
2014., 1., 15., -0.0635,  1.4661,  1.0000,  0.9790,  0.1038,  0.0000,  1.3000,    0.0000,  1
2014., 1., 16., -0.0640,  1.4522,  1.0000,  0.9918,  0.1038,  0.0000,  1.3000,    0.0000,  1
2014., 1., 17., -0.0641,  1.4384,  1.0000,  1.0046,  0.1051,  0.0000,  1.3000,   17.8500,  1
2014., 1., 18., -0.0630,  1.4248,  1.0000,  1.0150,  0.1161,  0.0000,  1.3000,   28.9000,  1
2014., 1., 19., -0.0640,  1.4115,  1.0000,  1.0220,  0.1249,  0.0000,  1.3000,   15.3000,  1
2014., 1., 20., -0.0645,  1.3984,  1.0000,  1.0262,  0.1250,  0.0000,  1.3000,    0.8500,  1
2014., 1., 21., -0.0638,  1.3856,  1.0000,  1.0272,  0.1199,  0.0000,  1.3000,    2.2229,  1
2014., 1., 22., -0.0640,  1.3728,  1.0000,  1.0277,  0.1146,  0.0000,  1.3000,    0.0000,  1
2014., 1., 23., -0.0642,  1.3602,  1.0000,  1.0307,  0.1135,  0.0000,  1.3000,    0.0000,  1
2014., 1., 24., -0.0645,  1.3478,  1.0000,  1.0316,  0.1120,  0.0000,  1.3000,    2.5500,  1
2014., 1., 25., -0.0653,  1.3358,  1.0000,  1.0319,  0.1106,  0.0000,  1.3000,    0.0149,  1
2014., 1., 26., -0.0651,  1.3240,  1.0000,  1.0325,  0.1067,  0.0000,  1.3000,   10.5253,  1
2014., 1., 27., -0.0651,  1.3125,  1.0000,  1.0327,  0.1008,  0.0000,  1.3000,    0.5851,  1
2014., 1., 28., -0.0649,  1.3011,  1.0000,  1.0329,  0.0968,  0.0000,  1.3000,    0.4363,  1
2014., 1., 29., -0.0651,  1.2899,  1.0000,  1.0346,  0.0954,  0.0000,  1.3000,    0.0000,  1
2014., 1., 30., -0.0655,  1.2789,  1.0000,  1.0367,  0.0945,  0.0000,  1.3000,    0.0000,  1
2014., 1., 31., -0.0656,  1.2681,  1.0000,  1.0400,  0.0934,  0.0000,  1.3000,    0.0000,  1
2014., 2., 32., -0.0662,  1.2570,  1.0000,  1.0430,  0.0922,  0.0000,  1.3000,   10.2000,  1
2014., 2., 33., -0.0670,  1.2461,  1.0000,  1.0449,  0.0968,  0.0000,  1.3000,    5.9500,  1
2014., 2., 34., -0.0669,  1.2362,  1.0000,  1.0485,  0.0967,  0.0000,  1.3000,    0.0000,  1
2014., 2., 35., -0.0667,  1.2256,  1.0000,  1.0504,  0.0926,  0.0000,  1.3000,    0.8500,  1
2014., 2., 36., -0.0666,  1.2152,  1.0000,  1.0518,  0.0905,  0.0000,  1.3000,    5.9500,  1
2014., 2., 37., -0.0663,  1.2051,  1.0000,  1.0550,  0.1006,  0.0000,  1.3000,   36.5500,  1
2014., 2., 38., -0.0671,  1.1954,  1.0000,  1.0617,  0.1044,  0.0000,  1.3000,    1.7000,  1
2014., 2., 39., -0.0670,  1.1858,  1.0000,  1.0698,  0.1051,  0.0000,  1.3000,    2.5500,  1
2014., 2., 40., -0.0667,  1.1761,  1.0000,  1.0769,  0.1072,  0.0000,  1.3000,   18.7000,  1
2014., 2., 41., -0.0660,  1.1673,  1.0000,  1.0844,  0.1185,  0.0000,  1.3000,   28.9000,  1
2014., 2., 42., -0.0654,  1.1581,  1.0000,  1.0900,  0.1270,  0.0000,  1.3000,   34.8500,  1
2014., 2., 43., -0.0647,  1.1490,  1.0000,  1.0986,  0.1437,  0.0000,  1.3000,   54.4000,  1
2014., 2., 44., -0.0646,  1.1404,  1.0000,  1.1083,  0.1826,  0.0000,  1.3000,  159.8000,  1
2014., 2., 45., -0.0646,  1.1315,  1.0000,  1.1174,  0.2458,  0.0000,  1.3000,  185.3000,  1
2014., 2., 46., -0.0646,  1.1220,  1.0000,  1.1296,  0.2839,  0.0000,  1.3000,   89.2500,  1
2014., 2., 47., -0.0642,  1.1128,  1.0000,  1.1416,  0.2871,  0.0000,  1.3000,   39.9500,  1
2014., 2., 48., -0.0646,  1.1050,  1.0000,  1.1524,  0.2898,  0.0000,  1.3000,   72.2500,  1
2014., 2., 49., -0.0651,  1.0968,  1.0000,  1.1729,  0.2949,  0.0000,  1.3000,  186.1500,  1
2014., 2., 50., -0.0652,  1.0885,  1.0000,  1.2045,  0.3028,  0.0000,  1.3000,  262.6500,  1
2014., 2., 51., -0.0657,  1.0804,  1.0000,  1.2341,  0.3103,  0.0000,  1.3000,  200.6000,  1
2014., 2., 52., -0.0663,  1.0722,  1.0000,  1.2555,  0.3157,  0.0000,  1.3000,  136.0000,  1
2014., 2., 53., -0.0665,  1.0642,  1.0000,  1.2691,  0.3188,  0.0000,  1.3000,   55.2500,  1
2014., 2., 54., -0.0661,  1.0562,  1.0000,  1.2722,  0.3195,  0.0000,  1.3000,   23.8000,  1
2014., 2., 55., -0.0660,  1.0486,  1.0000,  1.2816,  0.3222,  0.0000,  1.3000,  211.6500,  1
2014., 2., 56., -0.0660,  1.0408,  1.0000,  1.3106,  0.3295,  0.0000,  1.3000,  199.7501,  1
2014., 2., 57., -0.0665,  1.0330,  1.0000,  1.3222,  0.3325,  0.0000,  1.3000,   85.8500,  1
2014., 2., 58., -0.0659,  1.0255,  1.0000,  1.3295,  0.3322,  0.0000,  1.3000,   24.6500,  1
2014., 2., 59., -0.0659,  1.0188,  1.0000,  1.3279,  0.3244,  0.0000,  1.3000,    0.1029,  1
2014., 3., 60., -0.0663,  1.0113,  1.0000,  1.3266,  0.3203,  0.0000,  1.3000,    0.0000,  1
2014., 3., 61., -0.0664,  1.0035,  1.0000,  1.3270,  0.3208,  0.0000,  1.3000,    5.9500,  1
2014., 3., 62., -0.0666,  0.9962,  1.0000,  1.3290,  0.3226,  0.0000,  1.3000,    8.5000,  1
2014., 3., 63., -0.0665,  0.9893,  1.0000,  1.3320,  0.3246,  0.0000,  1.3000,    0.0000,  1
2014., 3., 64., -0.0665,  0.9831,  1.0000,  1.3354,  0.3246,  0.0000,  1.3000,    0.0000,  1
2014., 3., 65., -0.0666,  0.9766,  1.0000,  1.3385,  0.3246,  0.0000,  1.3000,    0.0000,  1
2014., 3., 66., -0.0661,  0.9701,  1.0000,  1.3409,  0.3247,  0.0000,  1.3000,    0.8500,  1
2014., 3., 67., -0.0657,  0.9634,  1.0000,  1.3432,  0.3249,  0.0000,  1.3000,    0.0000,  1
2014., 3., 68., -0.0654,  0.9575,  1.0000,  1.3464,  0.3248,  0.0000,  1.3000,    0.0000,  1
2014., 3., 69., -0.0652,  0.9514,  1.0000,  1.3495,  0.3248,  0.0000,  1.3000,    0.0000,  1
2014., 3., 70., -0.0644,  0.9450,  1.0000,  1.3518,  0.3251,  0.0000,  1.3000,    1.7000,  1
2014., 3., 71., -0.0646,  0.9384,  1.0000,  1.3528,  0.3257,  0.0000,  1.3000,    2.5500,  1
2014., 3., 72., -0.0649,  0.9322,  1.0000,  1.3520,  0.3245,  0.0000,  1.3000,    0.0000,  1
2014., 3., 73., -0.0647,  0.9268,  1.0000,  1.3505,  0.3215,  0.0000,  1.3000,    0.0000,  1
2014., 3., 74., -0.0649,  0.9207,  1.0000,  1.3491,  0.3194,  0.0000,  1.3000,    0.0000,  1
2014., 3., 75., -0.0653,  0.9154,  1.0000,  1.3479,  0.3178,  0.0000,  1.3000,    0.0000,  1
2014., 3., 76., -0.0654,  0.9099,  1.0000,  1.3471,  0.3170,  0.0000,  1.3000,    0.0000,  1
2014., 3., 77., -0.0658,  0.9047,  1.0000,  1.3459,  0.3159,  0.0000,  1.3000,    0.0000,  1
2014., 3., 78., -0.0673,  0.8987,  1.0000,  1.3451,  0.3204,  0.0000,  1.3000,   20.4000,  1
2014., 3., 79., -0.0676,  0.8938,  1.0000,  1.3448,  0.3223,  0.0000,  1.3000,    0.0000,  1
2014., 3., 80., -0.0677,  0.8888,  1.0000,  1.3435,  0.3213,  0.0000,  1.3000,    0.0000,  1
2014., 3., 81., -0.0678,  0.8840,  1.0000,  1.3421,  0.3200,  0.0000,  1.3000,    0.0000,  1
2014., 3., 82., -0.0677,  0.8792,  1.0000,  1.3400,  0.3173,  0.0000,  1.3000,    0.0000,  1
2014., 3., 83., -0.0674,  0.8746,  1.0000,  1.3373,  0.3142,  0.0000,  1.3000,    0.0000,  1
2014., 3., 84., -0.0668,  0.8701,  1.0000,  1.3344,  0.3107,  0.0000,  1.3000,    0.0000,  1
2014., 3., 85., -0.0661,  0.8661,  1.0000,  1.3306,  0.3049,  0.0000,  1.3000,    0.9794,  1
2014., 3., 86., -0.0663,  0.8617,  1.0000,  1.3267,  0.3014,  0.0000,  1.3000,    0.0000,  1
2014., 3., 87., -0.0663,  0.8574,  1.0000,  1.3245,  0.3008,  0.0000,  1.3000,    0.8500,  1
2014., 3., 88., -0.0659,  0.8533,  1.0000,  1.3226,  0.3005,  0.0000,  1.3000,    0.0000,  1
2014., 3., 89., -0.0662,  0.8492,  1.0000,  1.3201,  0.2998,  0.0000,  1.3000,    1.7000,  1
2014., 3., 90., -0.0667,  0.8452,  1.0000,  1.3176,  0.2995,  0.0000,  1.3000,    0.0000,  1
2014., 4., 91., -0.0667,  0.8412,  1.0000,  1.3155,  0.2992,  0.0000,  1.3000,    0.0000,  1
2014., 4., 92., -0.0662,  0.8372,  1.0000,  1.3136,  0.2992,  0.0000,  1.3000,    1.7000,  1
2014., 4., 93., -0.0657,  0.8334,  1.0000,  1.3116,  0.2996,  0.0000,  1.3000,    1.7000,  1
2014., 4., 94., -0.0654,  0.8290,  1.0000,  1.3095,  0.2995,  0.0000,  1.3000,    0.0000,  1
2014., 4., 95., -0.0654,  0.8248,  1.0000,  1.3086,  0.2998,  0.0000,  1.3000,    1.7000,  1
2014., 4., 96., -0.0654,  0.8217,  1.0000,  1.3080,  0.2999,  0.0000,  1.3000,    0.0000,  1
2014., 4., 97., -0.0654,  0.8181,  1.0000,  1.3074,  0.3000,  0.0000,  1.3000,    3.4000,  1
2014., 4., 98., -0.0655,  0.8146,  1.0000,  1.3066,  0.3023,  0.0000,  1.3000,    4.2500,  1
2014., 4., 99., -0.0658,  0.8118,  1.0000,  1.3056,  0.3024,  0.0000,  1.3000,    0.0000,  1
2014., 4.,100., -0.0661,  0.8081,  1.0000,  1.3034,  0.3022,  0.0000,  1.3000,    3.4000,  1
2014., 4.,101., -0.0665,  0.8051,  1.0000,  1.3007,  0.3034,  0.0000,  1.3000,    1.7000,  1
2014., 4.,102., -0.0663,  0.8020,  1.0000,  1.2970,  0.3025,  0.0000,  1.3000,    0.0000,  1
2014., 4.,103., -0.0657,  0.8007,  1.0000,  1.2911,  0.3000,  0.0000,  1.3000,    2.7119,  1
2014., 4.,104., -0.0653,  0.8010,  1.0000,  1.2823,  0.2959,  0.0000,  1.3000,    1.7396,  1
2014., 4.,105., -0.0654,  0.8001,  1.0000,  1.2730,  0.2930,  0.0000,  1.3000,    1.2890,  1
2014., 4.,106., -0.0661,  0.7942,  1.0000,  1.2665,  0.2921,  0.0000,  1.3000,    2.8261,  1
2014., 4.,107., -0.0659,  0.7890,  1.0000,  1.2633,  0.2926,  0.0000,  1.3000,    0.0000,  1
2014., 4.,108., -0.0654,  0.7866,  1.0000,  1.2598,  0.2924,  0.0000,  1.3000,    0.0000,  1
2014., 4.,109., -0.0656,  0.7846,  1.0000,  1.2560,  0.2922,  0.0000,  1.3000,    0.0000,  1
2014., 4.,110., -0.0657,  0.7844,  1.0000,  1.2509,  0.2916,  0.0000,  1.3000,    8.1937,  1
2014., 4.,111., -0.0651,  0.7876,  1.0000,  1.2425,  0.2895,  0.0000,  1.3000,    3.0240,  1
2014., 4.,112., -0.0650,  0.7892,  1.0000,  1.2307,  0.2849,  0.0000,  1.3000,    8.1794,  1
2014., 4.,113., -0.0657,  0.7845,  1.0000,  1.2218,  0.2828,  0.0000,  1.3000,    0.0000,  1
2014., 4.,114., -0.0651,  0.7823,  1.0000,  1.2160,  0.2826,  0.0000,  1.3000,    0.0000,  1
2014., 4.,115., -0.0635,  0.7877,  1.0000,  1.2065,  0.2805,  0.0000,  1.3000,    7.7542,  1
2014., 4.,116., -0.0633,  0.7931,  1.0000,  1.1925,  0.2766,  0.0000,  1.3000,    5.4023,  1
2014., 4.,117., -0.0644,  0.7909,  1.0000,  1.1804,  0.2744,  0.0000,  1.3000,    0.3100,  1
2014., 4.,118., -0.0634,  0.7965,  1.0000,  1.1699,  0.2733,  0.0000,  1.3000,    6.3193,  1
2014., 4.,119., -0.0645,  0.7956,  1.0000,  1.1572,  0.2690,  0.0000,  1.3000,   35.0697,  1
2014., 4.,120., -0.0652,  0.7963,  1.0000,  1.1468,  0.2748,  0.0000,  1.3000,    6.9941,  1
2014., 5.,121., -0.0657,  0.7978,  1.0000,  1.1355,  0.2709,  0.0000,  1.3000,   12.6836,  1
2014., 5.,122., -0.0642,  0.8079,  1.0000,  1.1218,  0.2640,  0.0000,  1.3000,   67.1453,  1
2014., 5.,123., -0.0631,  0.8166,  1.0000,  1.1053,  0.2521,  0.0000,  1.3000,   44.1285,  1
2014., 5.,124., -0.0644,  0.8106,  1.0000,  1.0924,  0.2432,  0.0000,  1.3000,    9.5098,  1
2014., 5.,125., -0.0646,  0.8049,  1.0000,  1.0864,  0.2420,  0.0000,  1.3000,    0.0000,  1
2014., 5.,126., -0.0637,  0.8063,  1.0000,  1.0791,  0.2402,  0.0000,  1.3000,    2.2339,  1
2014., 5.,127., -0.0650,  0.8000,  1.0000,  1.0722,  0.2392,  0.0000,  1.3000,    7.6500,  1
2014., 5.,128., -0.0641,  0.8042,  1.0000,  1.0670,  0.2406,  0.0000,  1.3000,    0.0000,  1
2014., 5.,129., -0.0625,  0.8177,  1.0000,  1.0570,  0.2394,  0.0000,  1.3000,    1.7919,  1
2014., 5.,130., -0.0630,  0.8280,  1.0000,  1.0419,  0.2353,  0.0000,  1.3000,   13.5499,  1
2014., 5.,131., -0.0612,  0.8468,  1.0000,  1.0257,  0.2293,  0.0000,  1.3000,   25.6267,  1
2014., 5.,132., -0.0619,  0.8544,  1.0000,  1.0089,  0.2209,  0.0000,  1.3000,   36.1082,  1
2014., 5.,133., -0.0653,  0.8394,  1.0000,  0.9983,  0.2310,  0.0000,  1.3000,  113.5160,  1
2014., 5.,134., -0.0618,  0.8563,  1.0000,  0.9890,  0.2357,  0.0000,  1.3000,    5.5758,  1
2014., 5.,135., -0.0622,  0.8648,  1.0000,  0.9740,  0.2302,  0.0000,  1.3000,   30.6833,  1
2014., 5.,136., -0.0640,  0.8581,  1.0000,  0.9630,  0.2296,  0.0000,  1.3000,   22.1626,  1
2014., 5.,137., -0.0630,  0.8580,  1.0000,  0.9544,  0.2329,  0.0000,  1.3000,  155.8793,  1
2014., 5.,138., -0.0615,  0.8563,  1.0000,  0.9489,  0.2386,  0.0000,  1.3000,   11.0500,  1
2014., 5.,139., -0.0602,  0.8658,  1.0000,  0.9418,  0.2368,  0.0000,  1.3000,    0.0000,  1
2014., 5.,140., -0.0579,  0.8949,  1.0000,  0.9287,  0.2335,  0.0000,  1.3000,    7.2113,  1
2014., 5.,141., -0.0638,  0.8823,  1.0000,  0.9177,  0.2308,  0.0000,  1.3000,    8.5000,  1
2014., 5.,142., -0.0633,  0.8796,  1.0000,  0.9135,  0.2298,  0.0000,  1.3000,   10.2000,  1
2014., 5.,143., -0.0622,  0.8827,  1.0000,  0.9073,  0.2282,  0.0000,  1.3000,    7.6500,  1
2014., 5.,144., -0.0596,  0.8997,  1.0000,  0.8985,  0.2259,  0.0000,  1.3000,    1.8326,  1
2014., 5.,145., -0.0620,  0.8966,  1.0000,  0.8902,  0.2239,  0.0000,  1.3000,   28.9209,  1
2014., 5.,146., -0.0563,  0.9327,  1.0000,  0.8783,  0.2208,  0.0000,  1.3000,    9.3160,  1
2014., 5.,147., -0.0591,  0.9409,  1.0000,  0.8626,  0.2156,  0.0000,  1.3000,   30.1451,  1
2014., 5.,148., -0.0560,  0.9703,  1.0000,  0.8473,  0.2074,  0.0000,  1.3000,   61.6672,  1
2014., 5.,149., -0.0528,  1.0077,  1.0000,  0.8296,  0.1953,  0.0000,  1.3000,   57.2312,  1
2014., 5.,150., -0.0522,  1.0399,  1.0000,  0.8106,  0.1590,  0.0000,  1.3000,  445.0626,  1
2014., 5.,151., -0.0565,  1.0442,  1.0000,  0.7954,  0.1225,  0.0000,  1.3000,   27.2523,  1
2014., 6.,152., -0.0568,  1.0463,  1.0000,  0.7850,  0.1475,  0.0000,  1.3000,  118.1211,  1
2014., 6.,153., -0.0584,  1.0471,  1.0000,  0.7750,  0.1508,  0.0000,  1.3000,   13.9843,  1
2014., 6.,154., -0.0451,  1.1386,  1.0000,  0.7588,  0.1474,  0.0000,  1.3000,   30.9840,  1
2014., 6.,155., -0.0497,  1.1756,  1.0000,  0.7371,  0.1329,  0.0000,  1.3000,  143.2043,  1
2014., 6.,156., -0.0513,  1.1874,  1.0000,  0.7223,  0.1222,  0.0000,  1.3000,  134.4189,  1
2014., 6.,157., -0.0560,  1.1777,  1.0000,  0.7103,  0.1297,  0.0000,  1.3000,  140.4838,  1
2014., 6.,158., -0.0390,  1.2778,  1.0000,  0.6948,  0.1505,  0.0000,  1.3000,   99.3157,  1
2014., 6.,159., -0.0371,  1.3631,  1.0000,  0.6708,  0.1411,  0.0000,  1.3000,   28.5929,  1
2014., 6.,160., -0.0418,  1.4046,  1.0000,  0.6488,  0.1332,  0.0000,  1.3000,   89.9983,  1
2014., 6.,161., -0.0503,  1.3868,  1.0000,  0.6339,  0.1236,  0.0000,  1.3000,  112.9525,  1
2014., 6.,162., -0.0456,  1.4092,  1.0000,  0.6226,  0.1159,  0.0000,  1.3000,  145.5053,  1
2014., 6.,163., -0.0376,  1.5026,  1.0000,  0.6055,  0.1029,  0.0000,  1.3000,   49.8643,  1
2014., 6.,164., -0.0177,  1.6811,  1.0000,  0.5838,  0.0884,  0.0000,  1.3000,   63.1148,  1
2014., 6.,165., -0.0083,  1.8733,  1.0000,  0.5563,  0.0713,  0.0000,  1.3000,   71.2366,  1
2014., 6.,166., -0.0246,  1.9165,  1.0000,  0.5329,  0.0558,  0.0000,  1.3000,   71.7565,  1
2014., 6.,167.,  0.0162,  2.2234,  1.0000,  0.4843,  0.0167,  1.5983,  1.2984,  382.0611,  1
2014., 6.,168.,  0.0155,  2.4807,  1.0000,  0.3969,  0.0000,  1.7635,  1.2999,  251.3610,  1
2014., 6.,169., -0.0340,  2.3055,  1.0000,  0.3580,  0.0000,  0.1275,  1.3000,  129.3724,  1
2014., 6.,170., -0.0232,  2.3356,  1.0000,  0.3469,  0.0000,  0.2002,  1.2999,   20.4275,  1
2014., 6.,171.,  0.0663,  2.9163,  1.0000,  0.3250,  0.0000,  1.1366,  1.2992,    0.0000,  1
2014., 6.,172.,  0.0662,  3.3699,  1.0000,  0.2546,  0.0000,  1.2904,  1.2979,    0.0000,  1
2014., 6.,173.,  0.0101,  3.3280,  1.0000,  0.2000,  0.0000,  0.0626,  1.2997,    0.0000,  1
2014., 6.,174.,  0.1716,  4.4594,  1.0000,  0.1445,  0.0000,  2.8740,  1.2968,    0.0000,  2
2014., 6.,175.,  0.4620,  5.6267,  0.8995,  0.0566,  0.0000,  0.3302,  1.3000,   53.1879,  7
2014., 6.,176.,  6.3135,  5.0988,  0.0020,  0.0006,  0.0000,  0.1345,  1.3000,  159.0419,  9
2014., 6.,177.,  5.9057,  4.6523,  0.0000,  0.0000,  0.0000,  0.1808,  1.3000,  111.5721,  2
2014., 6.,178.,  3.6454,  5.1935,  0.0000,  0.0000,  0.0000,  0.2942,  1.3000,   69.7784, 13
2014., 6.,179.,  7.6793,  7.0259,  0.0000,  0.0000,  0.0000,  1.5559,  1.2985,    5.7497, 13
2014., 6.,180., 12.3011,  8.8981,  0.0000,  0.0000,  0.0000,  2.1676,  1.2963,    0.0000,  7
2014., 6.,181., 12.6643,  9.8370,  0.0000,  0.0000,  0.0000,  2.2031,  1.2962,    0.0000,  3
2014., 7.,182., 15.9762, 10.3636,  0.0000,  0.0000,  0.0000,  3.0466,  1.2931,    0.0000,  3
2014., 7.,183., 12.0721, 10.1683,  0.0000,  0.0000,  0.0000,  0.7799,  1.3000,  139.5806,  7
2014., 7.,184., 12.7963, 13.1022,  0.0000,  0.0000,  0.0000,  3.7223,  1.2963,    8.0567, 13
2014., 7.,185., 12.8003, 13.4147,  0.0000,  0.0000,  0.0000,  2.6666,  1.2937,    0.0000, 13
2014., 7.,186., 10.3867, 12.2334,  0.0000,  0.0000,  0.0000,  1.8648,  1.2943,    0.0000, 13
2014., 7.,187., 11.2644, 11.0955,  0.0000,  0.0000,  0.0000,  2.3379,  1.2920,    0.0000, 13
2014., 7.,188., 11.8139, 11.4966,  0.0000,  0.0000,  0.0000,  2.5279,  1.2894,    0.0000,  8
2014., 7.,189.,  7.9615,  9.0646,  0.0000,  0.0000,  0.0000,  1.3763,  1.2894,    0.0000, 13
2014., 7.,190.,  6.0333,  6.7001,  0.0000,  0.0000,  0.0000,  0.5594,  1.2939,    0.0000, 13
2014., 7.,191.,  7.2683,  6.8051,  0.0000,  0.0000,  0.0000,  0.4183,  1.2934,    0.0000,  5
2014., 7.,192., 10.2901,  9.3876,  0.0000,  0.0000,  0.0000,  2.1744,  1.2913,    0.0000,  5
2014., 7.,193., 12.0245, 10.5913,  0.0000,  0.0000,  0.0000,  2.1309,  1.2891,    0.0000, 13
2014., 7.,194., 14.1637, 11.2472,  0.0000,  0.0000,  0.0000,  2.3441,  1.2868,    0.0000, 13
2014., 7.,195., 15.5962, 12.2379,  0.0000,  0.0000,  0.0000,  3.3685,  1.2834,    0.0000,  3
2014., 7.,196., 14.9611, 12.1199,  0.0000,  0.0000,  0.0000,  2.6939,  1.2816,    0.0000,  5
2014., 7.,197., 14.6218, 13.1978,  0.0000,  0.0000,  0.0000,  1.1333,  1.2835,    0.0000,  8
2014., 7.,198., 11.5233, 12.1815,  0.0000,  0.0000,  0.0000,  1.0410,  1.2944,    0.0000, 13
2014., 7.,199., 12.4231, 12.5687,  0.0000,  0.0000,  0.0000,  1.3642,  1.2954,    0.0000, 13
2014., 7.,200., 11.3386, 11.9167,  0.0000,  0.0000,  0.0000,  0.9950,  1.3000,  354.8820, 13
2014., 7.,201., 10.2634, 10.6345,  0.0000,  0.0000,  0.0000,  0.8733,  1.3000,  289.2683, 13
2014., 7.,202., 13.1797, 12.4024,  0.0000,  0.0000,  0.0000,  1.2660,  1.2987,    0.0000, 13
2014., 7.,203., 13.4848, 11.6503,  0.0000,  0.0000,  0.0000,  2.7331,  1.2960,    0.0000, 13
2014., 7.,204., 11.9503, 10.9302,  0.0000,  0.0000,  0.0000,  1.0011,  1.2989,    0.0000, 13
2014., 7.,205.,  7.6615,  9.0683,  0.0000,  0.0000,  0.0000,  1.4833,  1.2992,   65.7951, 13
2014., 7.,206.,  8.0817,  8.6651,  0.0000,  0.0000,  0.0000,  1.4413,  1.2978,    0.0000, 13
2014., 7.,207.,  9.2037,  8.2867,  0.0000,  0.0000,  0.0000,  0.7812,  1.3000,    1.4918, 13
2014., 7.,208., 12.0488,  8.2375,  0.0000,  0.0000,  0.0000,  0.4192,  1.2999,  374.7767,  3
2014., 7.,209., 14.7126,  9.7051,  0.0000,  0.0000,  0.0000,  1.5792,  1.2984,    0.0000,  3
2014., 7.,210., 11.4521,  9.6641,  0.0000,  0.0000,  0.0000,  1.2880,  1.2992,    0.0000,  4
2014., 7.,211., 12.4886, 10.9196,  0.0000,  0.0000,  0.0000,  1.1018,  1.2994,    0.0000,  4
2014., 7.,212., 11.3730, 10.8835,  0.0000,  0.0000,  0.0000,  0.8348,  1.3000,   47.7955,  5
2014., 8.,213., 13.8468, 12.0306,  0.0000,  0.0000,  0.0000,  1.6199,  1.2983,    0.0000, 13
2014., 8.,214., 15.3859, 12.1747,  0.0000,  0.0000,  0.0000,  2.4830,  1.2959,    0.0000,  3
2014., 8.,215., 14.1254, 12.8625,  0.0000,  0.0000,  0.0000,  1.9521,  1.2939,    0.0000,  6
2014., 8.,216., 13.0512, 13.4824,  0.0000,  0.0000,  0.0000,  4.4739,  1.2894,    0.0000, 13
2014., 8.,217., 12.4910, 13.4909,  0.0000,  0.0000,  0.0000,  2.5066,  1.2911,    0.0000, 13
2014., 8.,218., 14.2162, 12.4207,  0.0000,  0.0000,  0.0000,  2.9639,  1.2881,    0.0000, 13
2014., 8.,219., 15.1375, 12.7151,  0.0000,  0.0000,  0.0000,  2.9734,  1.2852,    0.0000, 13
2014., 8.,220., 15.6398, 13.4457,  0.0000,  0.0000,  0.0000,  4.6360,  1.2838,    0.0000,  7
2014., 8.,221., 13.8843, 12.5198,  0.0000,  0.0000,  0.0000,  3.1542,  1.2807,    0.0000, 13
2014., 8.,222., 12.4856, 12.5015,  0.0000,  0.0000,  0.0000,  1.9324,  1.2817,    0.0000, 13
2014., 8.,223., 12.3434, 12.0406,  0.0000,  0.0000,  0.0000,  2.3499,  1.2793,    0.0000, 13
2014., 8.,224., 11.5394, 11.0768,  0.0000,  0.0000,  0.0000,  0.7519,  1.2808,    0.0000,  4
2014., 8.,225., 12.0234, 12.2657,  0.0000,  0.0000,  0.0000,  1.1965,  1.2840,    0.0000, 13
2014., 8.,226.,  9.3084, 10.0496,  0.0000,  0.0000,  0.0000,  1.0939,  1.2999,   32.9550, 13
2014., 8.,227.,  6.9962,  7.4586,  0.0000,  0.0000,  0.0000,  0.5811,  1.2993,    0.0000, 13
2014., 8.,228.,  7.2543,  7.4794,  0.0000,  0.0000,  0.0000,  0.2281,  1.2998,   32.2466, 13
2014., 8.,229.,  6.5000,  7.3061,  0.0000,  0.0000,  0.0000,  0.3957,  1.3000,   78.7849, 13
2014., 8.,230.,  5.5160,  6.8126,  0.0000,  0.0000,  0.0000,  0.5785,  1.2997,   60.5785, 13
2014., 8.,231.,  2.2063,  5.4508,  0.0000,  0.0000,  0.0000,  0.4844,  1.3000,   87.7553, 13
2014., 8.,232.,  0.0294,  5.0578,  0.8387,  0.0150,  0.0029,  0.0764,  1.3000,   43.9518,  1
2014., 8.,233.,  0.1791,  5.5757,  1.0000,  0.0368,  0.0026,  0.0320,  1.3000,   28.0806,  1
2014., 8.,234.,  0.2378,  5.9573,  1.0000,  0.0301,  0.0000,  0.1973,  1.2998,    0.0000,  1
2014., 8.,235.,  0.0299,  5.1060,  1.0000,  0.0244,  0.0014,  0.1078,  1.3000,   22.5045,  1
2014., 8.,236.,  0.1238,  5.3708,  1.0000,  0.0195,  0.0031,  0.0724,  1.2999,   43.4369,  1
2014., 8.,237.,  0.3271,  5.3747,  0.7120,  0.0113,  0.0000,  0.4110,  1.2996,    0.0000,  2
2014., 8.,238.,  0.7102,  5.9031,  0.7748,  0.0192,  0.0000,  0.4945,  1.2991,    0.0000, 13
2014., 8.,239.,  5.8899,  6.0566,  0.0015,  0.0006,  0.0000,  1.8227,  1.2976,    0.0000, 13
2014., 8.,240.,  7.0244,  6.0572,  0.0000,  0.0000,  0.0000,  2.3729,  1.2992,  194.0316,  5
2014., 8.,241.,  4.3313,  5.9430,  0.0000,  0.0000,  0.0000,  0.6447,  1.2989,    0.0000, 13
2014., 8.,242.,  1.0775,  4.9974,  0.3800,  0.0092,  0.0003,  0.9152,  1.2999,    6.5040, 13
2014., 8.,243.,  0.0612,  4.0957,  1.0000,  0.0376,  0.0017,  0.0000,  1.3000,    5.5571,  2
2014., 9.,244.,  0.0919,  4.6822,  1.0000,  0.0640,  0.0002,  0.3664,  1.2996,    1.3002,  1
2014., 9.,245.,  0.1163,  5.0533,  1.0000,  0.0545,  0.0000,  1.2234,  1.3000,    4.6739,  1
2014., 9.,246.,  3.9247,  5.2036,  0.2782,  0.0056,  0.0000,  0.3063,  1.2997,  170.3069, 10
2014., 9.,247.,  1.0498,  4.5534,  0.0001,  0.0006,  0.0000,  0.1574,  1.3000,  158.4956,  2
2014., 9.,248.,  2.9773,  5.3436,  0.1193,  0.0054,  0.0000,  1.2240,  1.2988,   46.1391,  9
2014., 9.,249.,  5.0547,  6.3358,  0.0014,  0.0006,  0.0000,  1.7023,  1.2971,    0.0000, 13
2014., 9.,250.,  1.2023,  5.6229,  0.0023,  0.0004,  0.0000,  0.3080,  1.2968,    0.0000, 13
2014., 9.,251.,  0.1990,  4.9846,  0.6408,  0.0104,  0.0000,  0.1238,  1.2967,    0.0000,  1
2014., 9.,252.,  4.7965,  5.3523,  0.1901,  0.0046,  0.0000,  0.9043,  1.2958,    0.0000, 13
2014., 9.,253.,  6.6744,  5.2067,  0.0000,  0.0000,  0.0000,  1.3123,  1.2944,    0.0000, 13
2014., 9.,254.,  7.7863,  5.9672,  0.0000,  0.0000,  0.0000,  1.1869,  1.2933,    0.0000, 13
2014., 9.,255.,  5.7121,  5.6752,  0.0000,  0.0000,  0.0000,  0.6253,  1.2929,    0.0000, 13
2014., 9.,256.,  4.5820,  5.7723,  0.0000,  0.0000,  0.0000,  1.9001,  1.3000,    6.4493, 13
2014., 9.,257.,  0.7929,  5.2345,  0.0254,  0.0008,  0.0000,  0.4591,  1.3000,  122.6523,  5
2014., 9.,258.,  0.0041,  4.7817,  0.9883,  0.0232,  0.0024,  0.0202,  1.3000,   10.7036,  4
2014., 9.,259.,  0.0014,  4.5106,  1.0000,  0.0644,  0.0025,  0.0000,  1.3000,    0.0000,  1
2014., 9.,260., -0.0134,  4.3268,  1.0000,  0.1062,  0.0028,  0.0000,  1.3000,    4.2500,  1
2014., 9.,261., -0.0163,  4.2696,  1.0000,  0.1319,  0.0043,  0.0000,  1.3000,   11.9000,  1
2014., 9.,262., -0.0067,  4.3087,  1.0000,  0.1456,  0.0077,  0.0000,  1.3000,   13.6000,  1
2014., 9.,263., -0.0009,  4.3265,  1.0000,  0.1557,  0.0131,  0.0000,  1.3000,   26.3500,  1
2014., 9.,264.,  0.0051,  4.3564,  1.0000,  0.1634,  0.0236,  0.0000,  1.3000,   11.9000,  1
2014., 9.,265., -0.0234,  4.2308,  1.0000,  0.1760,  0.0237,  0.0000,  1.3000,    0.0000,  1
2014., 9.,266., -0.0061,  4.2741,  1.0000,  0.1838,  0.0233,  0.0000,  1.3000,    0.0000,  1
2014., 9.,267., -0.0035,  4.2901,  1.0000,  0.1882,  0.0220,  0.0000,  1.3000,    0.0000,  1
2014., 9.,268., -0.0315,  4.1532,  1.0000,  0.1892,  0.0213,  0.0000,  1.3000,   31.4500,  1
2014., 9.,269., -0.0180,  4.1854,  1.0000,  0.1914,  0.0295,  0.0000,  1.3000,    5.1000,  1
2014., 9.,270., -0.0259,  4.1695,  1.0000,  0.1946,  0.0293,  0.0000,  1.3000,    0.8500,  1
2014., 9.,271., -0.0310,  4.1361,  1.0000,  0.1992,  0.0325,  0.0000,  1.3000,   29.7500,  1
2014., 9.,272., -0.0270,  4.1347,  1.0000,  0.2034,  0.0432,  0.0000,  1.3000,   12.7500,  1
2014., 9.,273., -0.0254,  4.1435,  1.0000,  0.2082,  0.0453,  0.0000,  1.3000,    7.6500,  1
2014.,10.,274., -0.0205,  4.1964,  1.0000,  0.2136,  0.0467,  0.0000,  1.3000,    0.0000,  1
2014.,10.,275., -0.0300,  4.1681,  1.0000,  0.2224,  0.0465,  0.0000,  1.3000,    0.0000,  1
2014.,10.,276., -0.0227,  4.1910,  1.0000,  0.2246,  0.0459,  0.0000,  1.3000,    0.0000,  1
2014.,10.,277., -0.0258,  4.1768,  1.0000,  0.2296,  0.0456,  0.0000,  1.3000,    0.0000,  1
2014.,10.,278., -0.0225,  4.1842,  1.0000,  0.2335,  0.0445,  0.0000,  1.3000,    0.1287,  1
2014.,10.,279., -0.0300,  4.1444,  1.0000,  0.2304,  0.0403,  0.0000,  1.3000,    0.0000,  1
2014.,10.,280., -0.0329,  4.1057,  1.0000,  0.2288,  0.0385,  0.0000,  1.3000,    0.0000,  1
2014.,10.,281., -0.0378,  4.0741,  1.0000,  0.2286,  0.0349,  0.0000,  1.3000,    1.6910,  1
2014.,10.,282., -0.0392,  4.0639,  1.0000,  0.2271,  0.0359,  0.0000,  1.3000,   34.8500,  1
2014.,10.,283., -0.0321,  4.1111,  1.0000,  0.2277,  0.0428,  0.0000,  1.3000,    1.7000,  1
2014.,10.,284., -0.0295,  4.1558,  1.0000,  0.2283,  0.0405,  0.0000,  1.3000,    1.6904,  1
2014.,10.,285., -0.0362,  4.1371,  1.0000,  0.2252,  0.0359,  0.0000,  1.3000,    3.1661,  1
2014.,10.,286., -0.0355,  4.1252,  1.0000,  0.2220,  0.0304,  0.0000,  1.3000,   32.5688,  1
2014.,10.,287., -0.0289,  4.1442,  1.0000,  0.2180,  0.0216,  0.0000,  1.3000,   23.2649,  1
2014.,10.,288., -0.0363,  4.1119,  1.0000,  0.2161,  0.0168,  0.0000,  1.3000,   26.9026,  1
2014.,10.,289., -0.0374,  4.0871,  1.0000,  0.2147,  0.0129,  0.0000,  1.3000,   65.4958,  1
2014.,10.,290., -0.0318,  4.1053,  1.0000,  0.2063,  0.0001,  1.7691,  1.2982,   21.1338,  1
2014.,10.,291., -0.0420,  4.0681,  1.0000,  0.1906,  0.0000,  1.2993,  1.2969,    0.0000,  1
2014.,10.,292., -0.0376,  4.0848,  1.0000,  0.1813,  0.0000,  0.6712,  1.2963,    0.0000,  1
2014.,10.,293., -0.0372,  4.0776,  1.0000,  0.1754,  0.0000,  1.1570,  1.2951,    0.0000,  1
2014.,10.,294., -0.0417,  4.0418,  1.0000,  0.1766,  0.0000,  0.4306,  1.2947,    0.0000,  1
2014.,10.,295., -0.0385,  4.0333,  1.0000,  0.1888,  0.0000,  0.4131,  1.2943,    0.0000,  1
2014.,10.,296., -0.0494,  3.9496,  1.0000,  0.2071,  0.0002,  0.1438,  1.2943,    0.0000,  1
2014.,10.,297., -0.0447,  3.9158,  1.0000,  0.2229,  0.0012,  0.0000,  1.2943,    0.0000,  1
2014.,10.,298., -0.0491,  3.8556,  1.0000,  0.2457,  0.0005,  0.1334,  1.2942,    0.0000,  1
2014.,10.,299., -0.0485,  3.8127,  1.0000,  0.2546,  0.0000,  0.6208,  1.2936,    0.0000,  1
2014.,10.,300., -0.0481,  3.7724,  1.0000,  0.2559,  0.0000,  2.5811,  1.2910,    0.0000,  1
2014.,10.,301., -0.0508,  3.7080,  1.0000,  0.2562,  0.0036,  0.0644,  1.2942,    0.0000,  1
2014.,10.,302., -0.0505,  3.6547,  1.0000,  0.2598,  0.0403,  0.0000,  1.2966,    0.0000,  1
2014.,10.,303., -0.0501,  3.6112,  1.0000,  0.2681,  0.0437,  0.0000,  1.2966,    0.0000,  1
2014.,10.,304., -0.0518,  3.5598,  1.0000,  0.2806,  0.0438,  0.0000,  1.2966,    0.0000,  1
2014.,11.,305., -0.0529,  3.5115,  1.0000,  0.2911,  0.0442,  0.0000,  1.2967,    0.0000,  1
2014.,11.,306., -0.0527,  3.4682,  1.0000,  0.3034,  0.0443,  0.0000,  1.2967,    0.0000,  1
2014.,11.,307., -0.0535,  3.4186,  1.0000,  0.3136,  0.0428,  0.0000,  1.2967,    0.0000,  1
2014.,11.,308., -0.0534,  3.3700,  1.0000,  0.3151,  0.0383,  0.0000,  1.2979,    0.0000,  1
2014.,11.,309., -0.0551,  3.3225,  1.0000,  0.3202,  0.0499,  0.0000,  1.2989,    0.0000,  1
2014.,11.,310., -0.0551,  3.2838,  1.0000,  0.3349,  0.0521,  0.0000,  1.2989,    0.0000,  1
2014.,11.,311., -0.0549,  3.2419,  1.0000,  0.3502,  0.0507,  0.0000,  1.2989,    0.0000,  1
2014.,11.,312., -0.0543,  3.2041,  1.0000,  0.3570,  0.0449,  0.0000,  1.2989,    0.0000,  1
2014.,11.,313., -0.0549,  3.1586,  1.0000,  0.3614,  0.0396,  0.0000,  1.2991,    0.0000,  1
2014.,11.,314., -0.0540,  3.1208,  1.0000,  0.3635,  0.0331,  0.0000,  1.2991,    0.0000,  1
2014.,11.,315., -0.0564,  3.0766,  1.0000,  0.3723,  0.0312,  0.0000,  1.2993,    0.0000,  1
2014.,11.,316., -0.0564,  3.0381,  1.0000,  0.3877,  0.0315,  0.0000,  1.2993,    0.0000,  1
2014.,11.,317., -0.0562,  2.9946,  1.0000,  0.3982,  0.0302,  0.0000,  1.2997,    0.0000,  1
2014.,11.,318., -0.0568,  2.9527,  1.0000,  0.4038,  0.0364,  0.0000,  1.3000,   25.8493,  1
2014.,11.,319., -0.0576,  2.9143,  1.0000,  0.4153,  0.0415,  0.0000,  1.3000,    4.2500,  1
2014.,11.,320., -0.0585,  2.8744,  1.0000,  0.4275,  0.0444,  0.0000,  1.3000,    9.3500,  1
2014.,11.,321., -0.0588,  2.8364,  1.0000,  0.4398,  0.0482,  0.0000,  1.3000,   13.6000,  1
2014.,11.,322., -0.0588,  2.7990,  1.0000,  0.4535,  0.0513,  0.0000,  1.3000,    3.4000,  1
2014.,11.,323., -0.0590,  2.7628,  1.0000,  0.4744,  0.0514,  0.0000,  1.3000,    5.1000,  1
2014.,11.,324., -0.0595,  2.7265,  1.0000,  0.4917,  0.0529,  0.0000,  1.3000,    0.0000,  1
2014.,11.,325., -0.0595,  2.6911,  1.0000,  0.5090,  0.0528,  0.0000,  1.3000,    0.0000,  1
2014.,11.,326., -0.0582,  2.6565,  1.0000,  0.5230,  0.0521,  0.0000,  1.3000,    0.8500,  1
2014.,11.,327., -0.0583,  2.6225,  1.0000,  0.5351,  0.0551,  0.0000,  1.3000,   10.2000,  1
2014.,11.,328., -0.0595,  2.5891,  1.0000,  0.5475,  0.0553,  0.0000,  1.3000,    0.0000,  1
2014.,11.,329., -0.0600,  2.5562,  1.0000,  0.5629,  0.0555,  0.0000,  1.3000,    0.8500,  1
2014.,11.,330., -0.0599,  2.5240,  1.0000,  0.5781,  0.0555,  0.0000,  1.3000,    0.0000,  1
2014.,11.,331., -0.0596,  2.4923,  1.0000,  0.5909,  0.0558,  0.0000,  1.3000,    6.8000,  1
2014.,11.,332., -0.0598,  2.4612,  1.0000,  0.6029,  0.0633,  0.0000,  1.3000,   24.6500,  1
2014.,11.,333., -0.0605,  2.4305,  1.0000,  0.6152,  0.0711,  0.0000,  1.3000,   20.4000,  1
2014.,11.,334., -0.0611,  2.4005,  1.0000,  0.6266,  0.0730,  0.0000,  1.3000,    0.0000,  1
2014.,12.,335., -0.0616,  2.3709,  1.0000,  0.6333,  0.0718,  0.0000,  1.3000,    1.7000,  1
2014.,12.,336., -0.0620,  2.3419,  1.0000,  0.6368,  0.0725,  0.0000,  1.3000,    3.4000,  1
2014.,12.,337., -0.0618,  2.3134,  1.0000,  0.6397,  0.0701,  0.0000,  1.3000,    0.0000,  1
2014.,12.,338., -0.0621,  2.2854,  1.0000,  0.6430,  0.0713,  0.0000,  1.3000,    9.3500,  1
2014.,12.,339., -0.0619,  2.2579,  1.0000,  0.6468,  0.0695,  0.0000,  1.3000,   12.0594,  1
2014.,12.,340., -0.0618,  2.2308,  1.0000,  0.6468,  0.0734,  0.0000,  1.3000,   79.3426,  1
2014.,12.,341., -0.0615,  2.2044,  1.0000,  0.6464,  0.0936,  0.0000,  1.3000,   42.8913,  1
2014.,12.,342., -0.0620,  2.1782,  1.0000,  0.6476,  0.0947,  0.0000,  1.3000,    9.3500,  1
2014.,12.,343., -0.0620,  2.1524,  1.0000,  0.6515,  0.0972,  0.0000,  1.3000,   27.2000,  1
2014.,12.,344., -0.0630,  2.1271,  1.0000,  0.6592,  0.1047,  0.0000,  1.3000,    0.8500,  1
2014.,12.,345., -0.0632,  2.1023,  1.0000,  0.6723,  0.1047,  0.0000,  1.3000,    0.0000,  1
2014.,12.,346., -0.0628,  2.0778,  1.0000,  0.6863,  0.1046,  0.0000,  1.3000,    0.0000,  1
2014.,12.,347., -0.0618,  2.0538,  1.0000,  0.7012,  0.1046,  0.0000,  1.3000,    0.0000,  1
2014.,12.,348., -0.0611,  2.0301,  1.0000,  0.7172,  0.1046,  0.0000,  1.3000,    0.0000,  1
2014.,12.,349., -0.0617,  2.0068,  1.0000,  0.7323,  0.1046,  0.0000,  1.3000,    0.0000,  1
2014.,12.,350., -0.0623,  1.9840,  1.0000,  0.7441,  0.1056,  0.0000,  1.3000,    5.1000,  1
2014.,12.,351., -0.0623,  1.9615,  1.0000,  0.7524,  0.1088,  0.0000,  1.3000,    8.5000,  1
2014.,12.,352., -0.0623,  1.9393,  1.0000,  0.7599,  0.1090,  0.0000,  1.3000,    0.0000,  1
2014.,12.,353., -0.0623,  1.9175,  1.0000,  0.7688,  0.1089,  0.0000,  1.3000,    0.0000,  1
2014.,12.,354., -0.0622,  1.8961,  1.0000,  0.7799,  0.1089,  0.0000,  1.3000,    0.0000,  1
2014.,12.,355., -0.0617,  1.8750,  1.0000,  0.7870,  0.1069,  0.0000,  1.3000,    2.5500,  1
2014.,12.,356., -0.0617,  1.8543,  1.0000,  0.7908,  0.1114,  0.0000,  1.3000,   28.0500,  1
2014.,12.,357., -0.0624,  1.8339,  1.0000,  0.7992,  0.1173,  0.0000,  1.3000,    4.2500,  1
2014.,12.,358., -0.0630,  1.8138,  1.0000,  0.8087,  0.1173,  0.0000,  1.3000,    0.0000,  1
2014.,12.,359., -0.0633,  1.7941,  1.0000,  0.8188,  0.1173,  0.0000,  1.3000,    0.0000,  1
2014.,12.,360., -0.0635,  1.7746,  1.0000,  0.8310,  0.1172,  0.0000,  1.3000,    0.0000,  1
2014.,12.,361., -0.0638,  1.7555,  1.0000,  0.8426,  0.1171,  0.0000,  1.3000,    0.0000,  1
2014.,12.,362., -0.0634,  1.7367,  1.0000,  0.8496,  0.1156,  0.0000,  1.3000,    0.0000,  1
2014.,12.,363., -0.0634,  1.7181,  1.0000,  0.8535,  0.1121,  0.0000,  1.3000,    0.0000,  1
2014.,12.,364., -0.0631,  1.6999,  1.0000,  0.8573,  0.1078,  0.0000,  1.3000,    0.0000,  1
